1085
-26.7 7.66902e-05
-26.5 0.000194122
-26.3 0.000378658
-26.1 0.000594349
-25.9 0.000855576
-25.7 0.00113837
-25.5 0.00147389
-25.3 0.00182858
-25.1 0.0023079
-24.9 0.00284473
-24.7 0.00342949
-24.5 0.00410293
-24.3 0.00478835
-24.1 0.00554806
-23.9 0.00640843
-23.7 0.00733111
-23.5 0.0083161
-23.3 0.00930348
-23.1 0.0104035
-22.9 0.0114628
-22.7 0.0126131
-22.5 0.0138426
-22.3 0.0150672
-22.1 0.0162583
-21.9 0.0173823
-21.7 0.0185375
-21.5 0.0199083
-21.3 0.02126
-21.1 0.0226116
-20.9 0.0239753
-20.7 0.0253461
-20.5 0.0267122
-20.3 0.0279272
-20.1 0.0292621
-19.9 0.0306282
-19.7 0.0320853
-19.5 0.0333698
-19.3 0.0347095
-19.1 0.0361259
-18.9 0.0375327
-18.7 0.0388388
-18.5 0.0402168
-18.3 0.0415877
-18.1 0.0429609
-17.9 0.0444252
-17.7 0.0457697
-17.5 0.0471957
-17.3 0.0486408
-17.1 0.0500404
-16.9 0.0514184
-16.7 0.0527821
-16.5 0.0541673
-16.3 0.0555165
-16.1 0.0568203
-15.9 0.0580929
-15.7 0.0594134
-15.5 0.0607746
-15.3 0.0621455
-15.1 0.063454
-14.9 0.0646906
-14.7 0.0660806
-14.5 0.0674083
-14.3 0.0687336
-14.1 0.0700469
-13.9 0.0713171
-13.7 0.072549
-13.5 0.0737832
-13.3 0.0750007
-13.1 0.0762828
-12.9 0.0775338
-12.7 0.0788831
-12.5 0.0801677
-12.3 0.0814187
-12.1 0.0826984
-11.9 0.0839806
-11.7 0.0852484
-11.5 0.0864539
-11.3 0.0876833
-11.1 0.0891021
-10.9 0.0903387
-10.7 0.091664
-10.5 0.093054
-10.3 0.0943242
-10.1 0.0955944
-9.9 0.0969484
-9.7 0.0981971
-9.5 0.0994169
-9.3 0.100603
-9.1 0.101852
-8.9 0.103139
-8.7 0.104414
-8.5 0.10577
-8.3 0.107103
-8.1 0.108442
-7.9 0.109701
-7.7 0.110997
-7.5 0.112322
-7.3 0.113545
-7.1 0.114841
-6.9 0.116138
-6.7 0.117406
-6.5 0.118685
-6.3 0.120032
-6.1 0.121324
-5.9 0.122565
-5.7 0.123867
-5.5 0.125146
-5.3 0.126544
-5.1 0.127833
-4.9 0.12924
-4.7 0.130532
-4.5 0.131965
-4.3 0.13334
-4.1 0.134687
-3.9 0.135953
-3.7 0.137379
-3.5 0.138745
-3.3 0.140144
-3.1 0.141501
-2.9 0.142936
-2.7 0.144276
-2.5 0.145589
-2.3 0.146972
-2.1 0.148285
-1.9 0.149532
-1.7 0.150943
-1.5 0.152355
-1.3 0.153706
-1.1 0.155197
-0.9 0.156597
-0.7 0.157879
-0.5 0.159302
-0.3 0.16063
-0.1 0.161958
0.0999996 0.163264
0.3 0.164733
0.5 0.166099
0.7 0.167515
0.9 0.168903
1.1 0.170351
1.3 0.171743
1.5 0.173059
1.7 0.174362
1.9 0.175707
2.1 0.177032
2.3 0.178456
2.5 0.179853
2.7 0.181166
2.9 0.182592
3.1 0.183913
3.3 0.185451
3.5 0.18687
3.7 0.18826
3.9 0.189624
4.1 0.190973
4.3 0.192294
4.5 0.193676
4.7 0.195117
4.9 0.196651
5.1 0.198077
5.3 0.199407
5.5 0.200718
5.7 0.202091
5.9 0.203531
6.1 0.204933
6.3 0.206412
6.5 0.207797
6.7 0.209209
6.9 0.210594
7.1 0.211933
7.3 0.213381
7.5 0.214908
7.7 0.216322
7.9 0.217688
8.1 0.219011
8.3 0.220458
8.5 0.221901
8.7 0.223229
8.9 0.224611
9.1 0.226006
9.3 0.227343
9.5 0.228674
9.7 0.230016
9.9 0.23147
10.1 0.232903
10.3 0.234303
10.5 0.23566
10.7 0.237145
10.9 0.238478
11.1 0.239904
11.3 0.241313
11.5 0.24272
11.7 0.244182
11.9 0.245577
12.1 0.246974
12.3 0.248436
12.5 0.249749
12.7 0.251144
12.9 0.252577
13.1 0.253885
13.3 0.255201
13.5 0.256572
13.7 0.257945
13.9 0.259457
14.1 0.260867
14.3 0.262288
14.5 0.263606
14.7 0.265058
14.9 0.266482
15.1 0.267913
15.3 0.269262
15.5 0.270652
15.7 0.272049
15.9 0.273374
16.1 0.274752
16.3 0.276085
16.5 0.277403
16.7 0.278841
16.9 0.280233
17.1 0.281695
17.3 0.283088
17.5 0.284521
17.7 0.285944
17.9 0.287322
18.1 0.288597
18.3 0.289959
18.5 0.291392
18.7 0.292846
18.9 0.294227
19.1 0.295638
19.3 0.296969
19.5 0.298287
19.7 0.299648
19.9 0.301112
20.1 0.302464
20.3 0.303816
20.5 0.305237
20.7 0.306622
20.9 0.308031
21.1 0.309354
21.3 0.310785
21.5 0.312295
21.7 0.31368
21.9 0.31495
22.1 0.316333
22.3 0.317768
22.5 0.319209
22.7 0.320568
22.9 0.321948
23.1 0.323314
23.3 0.324783
23.5 0.326293
23.7 0.327724
23.9 0.329063
24.1 0.330432
24.3 0.331846
24.5 0.333289
24.7 0.334782
24.9 0.336162
25.1 0.337569
25.3 0.338856
25.5 0.340219
25.7 0.341667
25.9 0.343071
26.1 0.344454
26.3 0.345866
26.5 0.347232
26.7 0.348526
26.9 0.349892
27.1 0.351344
27.3 0.352835
27.5 0.354342
27.7 0.355706
27.9 0.357082
28.1 0.358453
28.3 0.359847
28.5 0.361305
28.7 0.362603
28.9 0.363977
29.1 0.365381
29.3 0.366757
29.5 0.368228
29.7 0.369652
29.9 0.371066
30.1 0.372525
30.3 0.373934
30.5 0.375387
30.7 0.376782
30.9 0.378167
31.1 0.379504
31.3 0.38092
31.5 0.382332
31.7 0.383739
31.9 0.385205
32.1 0.386581
32.3 0.387945
32.5 0.389301
32.7 0.390653
32.9 0.391973
33.1 0.393347
33.3 0.394744
33.5 0.396105
33.7 0.397553
33.9 0.398885
34.1 0.400254
34.3 0.40166
34.5 0.403007
34.7 0.404404
34.9 0.405811
35.1 0.40718
35.3 0.408538
35.5 0.409924
35.7 0.411302
35.9 0.412682
36.1 0.414024
36.3 0.41534
36.5 0.416716
36.7 0.418031
36.9 0.41934
37.1 0.420723
37.3 0.421995
37.5 0.42339
37.7 0.424708
37.9 0.426127
38.1 0.427469
38.3 0.428763
38.5 0.430151
38.7 0.431531
38.9 0.432919
39.1 0.434328
39.3 0.435816
39.5 0.437264
39.7 0.438656
39.9 0.440046
40.1 0.441439
40.3 0.442812
40.5 0.444173
40.7 0.44551
40.9 0.44692
41.1 0.44836
41.3 0.449704
41.5 0.451037
41.7 0.452487
41.9 0.453757
42.1 0.455085
42.3 0.456575
42.5 0.45786
42.7 0.459236
42.9 0.460614
43.1 0.46185
43.3 0.463199
43.5 0.46447
43.7 0.465884
43.9 0.467269
44.1 0.468628
44.3 0.469955
44.5 0.47123
44.7 0.472537
44.9 0.473915
45.1 0.475281
45.3 0.476637
45.5 0.477922
45.7 0.479288
45.9 0.480721
46.1 0.482089
46.3 0.483575
46.5 0.484968
46.7 0.486334
46.9 0.487613
47.1 0.488867
47.3 0.490254
47.5 0.491608
47.7 0.492852
47.9 0.494213
48.1 0.495476
48.3 0.496819
48.5 0.498146
48.7 0.499472
48.9 0.500778
49.1 0.502089
49.3 0.503438
49.5 0.504682
49.7 0.505921
49.9 0.507344
50.1 0.508718
50.3 0.51
50.5 0.511311
50.7 0.512684
50.9 0.513973
51.1 0.515272
51.3 0.516581
51.5 0.517942
51.7 0.519231
51.9 0.520545
52.1 0.521894
52.3 0.523207
52.5 0.524451
52.7 0.52574
52.9 0.526982
53.1 0.528331
53.3 0.529642
53.5 0.530955
53.7 0.532309
53.9 0.533632
54.1 0.53495
54.3 0.536209
54.5 0.537524
54.7 0.538876
54.9 0.54023
55.1 0.541627
55.3 0.542979
55.5 0.544424
55.7 0.545749
55.9 0.547055
56.1 0.548395
56.3 0.549684
56.5 0.551039
56.7 0.552402
56.9 0.553799
57.1 0.555139
57.3 0.556496
57.5 0.557732
57.7 0.559017
57.9 0.560311
58.1 0.561631
58.3 0.562961
58.5 0.564205
58.7 0.565543
58.9 0.566877
59.1 0.568124
59.3 0.569492
59.5 0.570743
59.7 0.572044
59.9 0.573478
60.1 0.574724
60.3 0.576016
60.5 0.577312
60.7 0.578609
60.9 0.57991
61.1 0.581132
61.3 0.582376
61.5 0.58373
61.7 0.585048
61.9 0.586398
62.1 0.587637
62.3 0.589017
62.5 0.59033
62.7 0.591562
62.9 0.592907
63.1 0.594263
63.3 0.595461
63.5 0.596756
63.7 0.597923
63.9 0.5992
64.1 0.600528
64.3 0.601822
64.5 0.603073
64.7 0.604321
64.9 0.605611
65.1 0.606874
65.3 0.608161
65.5 0.609366
65.7 0.610622
65.9 0.611933
66.1 0.613174
66.3 0.61454
66.5 0.615777
66.7 0.616939
66.9 0.618131
67.1 0.619343
67.3 0.620589
67.5 0.621831
67.7 0.62319
67.9 0.624491
68.1 0.625847
68.3 0.627072
68.5 0.62833
68.7 0.629605
68.9 0.630887
69.1 0.632074
69.3 0.633279
69.5 0.634437
69.7 0.635693
69.9 0.636939
70.1 0.638137
70.3 0.639405
70.5 0.640625
70.7 0.641914
70.9 0.643194
71.1 0.644395
71.3 0.645569
71.5 0.646786
71.7 0.648006
71.9 0.649109
72.1 0.650328
72.3 0.651536
72.5 0.652759
72.7 0.654031
72.9 0.655268
73.1 0.656399
73.3 0.657545
73.5 0.658764
73.7 0.660023
73.9 0.661199
74.1 0.662369
74.3 0.66362
74.5 0.664792
74.7 0.666033
74.9 0.667219
75.1 0.668391
75.3 0.669666
75.5 0.670728
75.7 0.672001
75.9 0.67322
76.1 0.674359
76.3 0.675531
76.5 0.676672
76.7 0.677867
76.9 0.679111
77.1 0.680307
77.3 0.68145
77.5 0.682649
77.7 0.68377
77.9 0.684913
78.1 0.686085
78.3 0.687303
78.5 0.688432
78.7 0.689508
78.9 0.690754
79.1 0.691921
79.3 0.693064
79.5 0.694289
79.7 0.695489
79.9 0.696695
80.1 0.697826
80.3 0.698881
80.5 0.699978
80.7 0.701138
80.9 0.702238
81.1 0.703317
81.3 0.704421
81.5 0.705488
81.7 0.706518
81.9 0.707623
82.1 0.708726
82.3 0.709833
82.5 0.710988
82.7 0.712031
82.9 0.713085
83.1 0.71425
83.3 0.715371
83.5 0.716538
83.7 0.717708
83.9 0.718837
84.1 0.719966
84.3 0.721058
84.5 0.722221
84.7 0.723342
84.9 0.724447
85.1 0.725562
85.3 0.726695
85.5 0.727783
85.7 0.728893
85.9 0.72994
86.1 0.731019
86.3 0.732181
86.5 0.733271
86.7 0.734364
86.9 0.735431
87.1 0.736442
87.3 0.737508
87.5 0.738556
87.7 0.739596
87.9 0.740624
88.1 0.741688
88.3 0.742771
88.5 0.743862
88.7 0.744909
88.9 0.745918
89.1 0.74708
89.3 0.748147
89.5 0.749187
89.7 0.750373
89.9 0.751409
90.1 0.752489
90.3 0.753599
90.5 0.754622
90.7 0.75561
90.9 0.756556
91.1 0.757656
91.3 0.758718
91.5 0.759768
91.7 0.760801
91.9 0.761788
92.1 0.762912
92.3 0.763892
92.5 0.764916
92.7 0.765913
92.9 0.766864
93.1 0.767878
93.3 0.768961
93.5 0.769948
93.7 0.770897
93.9 0.771892
94.1 0.772894
94.3 0.77386
94.5 0.774952
94.7 0.775952
94.9 0.776997
95.1 0.777946
95.3 0.77896
95.5 0.779954
95.7 0.780989
95.9 0.781991
96.1 0.783024
96.3 0.784033
96.5 0.785035
96.7 0.786041
96.9 0.787146
97.1 0.788148
97.3 0.789181
97.5 0.790154
97.7 0.791096
97.9 0.792052
98.1 0.793068
98.3 0.794068
98.5 0.795041
98.7 0.795985
98.9 0.796991
99.1 0.797837
99.3 0.798853
99.5 0.799855
99.7 0.800809
99.9 0.801768
100.1 0.802702
100.3 0.803714
100.5 0.804677
100.7 0.805564
100.9 0.806558
101.1 0.807486
101.3 0.808488
101.5 0.809465
101.7 0.810434
101.9 0.811332
102.1 0.812267
102.3 0.813113
102.5 0.814045
102.7 0.815042
102.9 0.815984
103.1 0.816912
103.3 0.817853
103.5 0.818671
103.7 0.819565
103.9 0.820506
104.1 0.821379
104.3 0.822371
104.5 0.823253
104.7 0.824099
104.9 0.825031
105.1 0.82592
105.3 0.826869
105.5 0.827826
105.7 0.828775
105.9 0.829657
106.1 0.830443
106.3 0.831356
106.5 0.832245
106.7 0.833112
106.9 0.834035
107.1 0.834833
107.3 0.835722
107.5 0.836614
107.7 0.837431
107.9 0.838332
108.1 0.839248
108.3 0.840142
108.5 0.841067
108.7 0.841905
108.9 0.842716
109.1 0.84354
109.3 0.844364
109.5 0.845186
109.7 0.845953
109.9 0.846886
110.1 0.847851
110.3 0.848697
110.5 0.849553
110.7 0.850406
110.9 0.851163
111.1 0.851964
111.3 0.852764
111.5 0.853627
111.7 0.854516
111.9 0.855391
112.1 0.856191
112.3 0.856997
112.5 0.857816
112.7 0.858576
112.9 0.859393
113.1 0.860215
113.3 0.861028
113.5 0.86178
113.7 0.862562
113.9 0.863417
114.1 0.864194
114.3 0.864951
114.5 0.865723
114.7 0.866561
114.9 0.867319
115.1 0.868076
115.3 0.868848
115.5 0.869631
115.7 0.870473
115.9 0.87122
116.1 0.872028
116.3 0.872757
116.5 0.873478
116.7 0.874293
116.9 0.875084
117.1 0.875812
117.3 0.876541
117.5 0.877298
117.7 0.878019
117.9 0.878844
118.1 0.879635
118.3 0.880385
118.5 0.881125
118.7 0.881796
118.9 0.882549
119.1 0.883273
119.3 0.884016
119.5 0.884713
119.7 0.885461
119.9 0.886228
120.1 0.886973
120.3 0.887694
120.5 0.888413
120.7 0.889092
120.9 0.889705
121.1 0.890381
121.3 0.891121
121.5 0.891855
121.7 0.892567
121.9 0.893269
122.1 0.893959
122.3 0.894649
122.5 0.89538
122.7 0.896128
122.9 0.896787
123.1 0.897472
123.3 0.898146
123.5 0.898814
123.7 0.899445
123.9 0.900094
124.1 0.900794
124.3 0.901513
124.5 0.902167
124.7 0.902857
124.9 0.903483
125.1 0.904176
125.3 0.904827
125.5 0.905436
125.7 0.906042
125.9 0.906678
126.1 0.90726
126.3 0.907897
126.5 0.908566
126.7 0.909254
126.9 0.909956
127.1 0.910584
127.3 0.911303
127.5 0.911921
127.7 0.912513
127.9 0.913064
128.1 0.913659
128.3 0.914253
128.5 0.914864
128.7 0.915468
128.9 0.915976
129.1 0.916513
129.3 0.917067
129.5 0.917666
129.7 0.91826
129.9 0.918864
130.1 0.919442
130.3 0.919981
130.5 0.920527
130.7 0.921105
130.9 0.921766
131.1 0.922272
131.3 0.922864
131.5 0.923432
131.7 0.923962
131.9 0.924537
132.1 0.925098
132.3 0.925575
132.5 0.926198
132.7 0.926809
132.9 0.927417
133.1 0.927985
133.3 0.928448
133.5 0.92898
133.7 0.929517
133.9 0.930025
134.1 0.930689
134.3 0.931238
134.5 0.931772
134.7 0.932271
134.9 0.932843
135.1 0.933337
135.3 0.933855
135.5 0.934351
135.7 0.934873
135.9 0.935415
136.1 0.935928
136.3 0.936433
136.5 0.936997
136.7 0.93755
136.9 0.938149
137.1 0.938705
137.3 0.939259
137.5 0.939774
137.7 0.940256
137.9 0.940769
138.1 0.941265
138.3 0.941797
138.5 0.942245
138.7 0.942696
138.9 0.943242
139.1 0.943726
139.3 0.944241
139.5 0.944749
139.7 0.945169
139.9 0.94572
140.1 0.946231
140.3 0.946657
140.5 0.94718
140.7 0.947561
140.9 0.948071
141.1 0.948558
141.3 0.949003
141.5 0.949499
141.7 0.949912
141.9 0.950379
142.1 0.950866
142.3 0.951271
142.5 0.951721
142.7 0.952112
142.9 0.952593
143.1 0.953042
143.3 0.953507
143.5 0.953952
143.7 0.954408
143.9 0.954856
144.1 0.955311
144.3 0.955733
144.5 0.956179
144.7 0.956675
144.9 0.957133
145.1 0.957588
145.3 0.958038
145.5 0.958448
145.7 0.958858
145.9 0.959254
146.1 0.959659
146.3 0.960061
146.5 0.960478
146.7 0.960878
146.9 0.961226
147.1 0.961588
147.3 0.961957
147.5 0.962352
147.7 0.962745
147.9 0.963172
148.1 0.963596
148.3 0.963989
148.5 0.964375
148.7 0.964766
148.9 0.965142
149.1 0.965511
149.3 0.965892
149.5 0.966266
149.7 0.966649
149.9 0.966985
150.1 0.967371
150.3 0.967757
150.5 0.9682
150.7 0.968586
150.9 0.968972
151.1 0.969345
151.3 0.969691
151.5 0.970045
151.7 0.970388
151.9 0.970769
152.1 0.971081
152.3 0.971428
152.5 0.971778
152.7 0.972114
152.9 0.97249
153.1 0.97278
153.3 0.973142
153.5 0.973451
153.7 0.973784
153.9 0.974146
154.1 0.974477
154.3 0.974793
154.5 0.975085
154.7 0.975433
154.9 0.975752
155.1 0.976097
155.3 0.976435
155.5 0.97677
155.7 0.977098
155.9 0.977381
156.1 0.977721
156.3 0.978059
156.5 0.978325
156.7 0.978661
156.9 0.978939
157.1 0.979286
157.3 0.979543
157.5 0.979859
157.7 0.980132
157.9 0.980408
158.1 0.980662
158.3 0.980921
158.5 0.981261
158.7 0.981537
158.9 0.981772
159.1 0.981995
159.3 0.982208
159.5 0.982436
159.7 0.98267
159.9 0.98292
160.1 0.983181
160.3 0.983425
160.5 0.983655
160.7 0.983883
160.9 0.984104
161.1 0.984324
161.3 0.984535
161.5 0.984755
161.7 0.984962
161.9 0.985165
162.1 0.985355
162.3 0.985594
162.5 0.985793
162.7 0.986035
162.9 0.986268
163.1 0.986474
163.3 0.986649
163.5 0.986848
163.7 0.987047
163.9 0.987277
164.1 0.987495
164.3 0.987679
164.5 0.987852
164.7 0.988017
164.9 0.988202
165.1 0.988396
165.3 0.988619
165.5 0.988808
165.7 0.988997
165.9 0.989225
166.1 0.989369
166.3 0.989585
166.5 0.989721
166.7 0.989903
166.9 0.990052
167.1 0.990234
167.3 0.990416
167.5 0.990596
167.7 0.990747
167.9 0.990912
168.1 0.99107
168.3 0.991253
168.5 0.991437
168.7 0.991562
168.9 0.991701
169.1 0.991876
169.3 0.992007
169.5 0.992144
169.7 0.992271
169.9 0.992448
170.1 0.992614
170.3 0.992738
170.5 0.992882
170.7 0.99305
170.9 0.993175
171.1 0.99329
171.3 0.993409
171.5 0.993541
171.7 0.993668
171.9 0.993788
172.1 0.993903
172.3 0.994016
172.5 0.994133
172.7 0.994246
172.9 0.994363
173.1 0.994481
173.3 0.994562
173.5 0.994653
173.7 0.994754
173.9 0.994864
174.1 0.994953
174.3 0.995037
174.5 0.995133
174.7 0.995216
174.9 0.995327
175.1 0.99542
175.3 0.995487
175.5 0.995562
175.7 0.995643
175.9 0.995732
176.1 0.995818
176.3 0.995897
176.5 0.995959
176.7 0.996046
176.9 0.99612
177.1 0.996177
177.3 0.996285
177.5 0.996367
177.7 0.996432
177.9 0.996491
178.1 0.996566
178.3 0.996659
178.5 0.996743
178.7 0.996805
178.9 0.99688
179.1 0.996937
179.3 0.996997
179.5 0.997057
179.7 0.997134
179.9 0.997191
180.1 0.997287
180.3 0.997366
180.5 0.997419
180.7 0.997469
180.9 0.997541
181.1 0.997599
181.3 0.997685
181.5 0.99775
181.7 0.997807
181.9 0.997857
182.1 0.997925
182.3 0.998006
182.5 0.998071
182.7 0.998126
182.9 0.998171
183.1 0.998203
183.3 0.998251
183.5 0.998313
183.7 0.998363
183.9 0.998413
184.1 0.998493
184.3 0.998538
184.5 0.998598
184.7 0.998653
184.9 0.998703
185.1 0.998766
185.3 0.998818
185.5 0.998862
185.7 0.998929
185.9 0.998993
186.1 0.999034
186.3 0.999113
186.5 0.999137
186.7 0.999185
186.9 0.999235
187.1 0.999295
187.3 0.999336
187.5 0.99937
187.7 0.999418
187.9 0.999463
188.1 0.999511
188.3 0.999573
188.5 0.999621
188.7 0.999662
188.9 0.999696
189.1 0.999751
189.3 0.999777
189.5 0.999827
189.7 0.999883
189.9 0.999928
190.1 0.999964
