1050
-29.7 2.25999e-05
-29.5 7.0311e-05
-29.3 0.000118022
-29.1 0.000198377
-28.9 0.000306355
-28.7 0.000414332
-28.5 0.000610199
-28.3 0.000883909
-28.1 0.00118022
-27.9 0.0016046
-27.7 0.00215453
-27.5 0.00283504
-27.3 0.0035055
-27.1 0.00436681
-26.9 0.00517037
-26.7 0.00604674
-26.5 0.00698338
-26.3 0.00811589
-26.1 0.00925342
-25.9 0.010504
-25.7 0.0118097
-25.5 0.0130301
-25.3 0.0144313
-25.1 0.0159079
-24.9 0.0172814
-24.7 0.0187278
-24.5 0.0202973
-24.3 0.021927
-24.1 0.0235316
-23.9 0.0253119
-23.7 0.0269366
-23.5 0.0285136
-23.3 0.0301885
-23.1 0.0320191
-22.9 0.0338874
-22.7 0.0356753
-22.5 0.0374707
-22.3 0.0392938
-22.1 0.0410315
-21.9 0.0428445
-21.7 0.0446977
-21.5 0.0466463
-21.3 0.0484166
-21.1 0.0500514
-20.9 0.0517765
-20.7 0.0535594
-20.5 0.0551665
-20.3 0.0569092
-20.1 0.0586444
-19.9 0.0603846
-19.7 0.0621574
-19.5 0.0638524
-19.3 0.0655248
-19.1 0.0672951
-18.9 0.0689123
-18.7 0.0705445
-18.5 0.0720562
-18.3 0.0736331
-18.1 0.0752403
-17.9 0.07689
-17.7 0.0785223
-17.5 0.0799687
-17.3 0.0816335
-17.1 0.0832507
-16.9 0.0848352
-16.7 0.0863142
-16.5 0.0878686
-16.3 0.0894883
-16.1 0.0910225
-15.9 0.0926372
-15.7 0.0941238
-15.5 0.0956304
-15.3 0.097127
-15.1 0.0986814
-14.9 0.100093
-14.7 0.101695
-14.5 0.103201
-14.3 0.104871
-14.1 0.106383
-13.9 0.107814
-13.7 0.109308
-13.5 0.110833
-13.3 0.11242
-13.1 0.114022
-12.9 0.115543
-12.7 0.117028
-12.5 0.118416
-12.3 0.119812
-12.1 0.121332
-11.9 0.122909
-11.7 0.12446
-11.5 0.125975
-11.3 0.127474
-11.1 0.129063
-10.9 0.130562
-10.7 0.132154
-10.5 0.133651
-10.3 0.135233
-10.1 0.136737
-9.9 0.138344
-9.7 0.139766
-9.5 0.141315
-9.3 0.142812
-9.1 0.144316
-8.9 0.145918
-8.7 0.147339
-8.5 0.148788
-8.3 0.150302
-8.1 0.151801
-7.9 0.153235
-7.7 0.154719
-7.5 0.156274
-7.3 0.157856
-7.1 0.159397
-6.9 0.160876
-6.7 0.162499
-6.5 0.163968
-6.3 0.165482
-6.1 0.166953
-5.9 0.168427
-5.7 0.169944
-5.5 0.171252
-5.3 0.172844
-5.1 0.174426
-4.9 0.175823
-4.7 0.177256
-4.5 0.178703
-4.3 0.180132
-4.1 0.181653
-3.9 0.183135
-3.7 0.184624
-3.5 0.186231
-3.3 0.187715
-3.1 0.189106
-2.9 0.190613
-2.7 0.192205
-2.5 0.193624
-2.3 0.195083
-2.1 0.196652
-1.9 0.198131
-1.7 0.199595
-1.5 0.201049
-1.3 0.202669
-1.1 0.204186
-0.9 0.20568
-0.7 0.207191
-0.5 0.208713
-0.3 0.210124
-0.1 0.211616
0.0999996 0.213085
0.3 0.214612
0.5 0.216081
0.7 0.217597
0.9 0.219011
1.1 0.220457
1.3 0.221974
1.5 0.223511
1.7 0.22504
1.9 0.226564
2.1 0.228044
2.3 0.229528
2.5 0.230992
2.7 0.232448
2.9 0.233884
3.1 0.235348
3.3 0.236807
3.5 0.238306
3.7 0.239773
3.9 0.241377
4.1 0.242721
4.3 0.24421
4.5 0.245631
4.7 0.247038
4.9 0.248574
5.1 0.250091
5.3 0.25166
5.5 0.253092
5.7 0.254656
5.9 0.256067
6.1 0.257662
6.3 0.259161
6.5 0.260547
6.7 0.262109
6.9 0.263586
7.1 0.265055
7.3 0.266584
7.5 0.268118
7.7 0.269665
7.9 0.271152
8.1 0.272663
8.3 0.27422
8.5 0.275709
8.7 0.277229
8.9 0.278821
9.1 0.280209
9.3 0.281806
9.5 0.283248
9.7 0.284772
9.9 0.286183
10.1 0.28766
10.3 0.289252
10.5 0.29063
10.7 0.29221
10.9 0.293749
11.1 0.295273
11.3 0.29681
11.5 0.298327
11.7 0.299841
11.9 0.30135
12.1 0.302877
12.3 0.304376
12.5 0.30593
12.7 0.307417
12.9 0.308921
13.1 0.310403
13.3 0.311935
13.5 0.313496
13.7 0.315068
13.9 0.316613
14.1 0.31819
14.3 0.319646
14.5 0.321251
14.7 0.322775
14.9 0.324189
15.1 0.325766
15.3 0.327328
15.5 0.328824
15.7 0.330371
15.9 0.331735
16.1 0.333241
16.3 0.334635
16.5 0.336046
16.7 0.337538
16.9 0.339022
17.1 0.340486
17.3 0.341985
17.5 0.343514
17.7 0.345013
17.9 0.346482
18.1 0.348014
18.3 0.349548
18.5 0.35111
18.7 0.352559
18.9 0.354201
19.1 0.355793
19.3 0.357237
19.5 0.358666
19.7 0.36005
19.9 0.361539
20.1 0.363036
20.3 0.364489
20.5 0.366021
20.7 0.367463
20.9 0.368987
21.1 0.370481
21.3 0.371965
21.5 0.373283
21.7 0.374727
21.9 0.376186
22.1 0.377643
22.3 0.379097
22.5 0.380437
22.7 0.381901
22.9 0.38333
23.1 0.384749
23.3 0.386256
23.5 0.38769
23.7 0.389181
23.9 0.390643
24.1 0.392097
24.3 0.393566
24.5 0.394977
24.7 0.396375
24.9 0.397842
25.1 0.3992
25.3 0.400519
25.5 0.401935
25.7 0.403414
25.9 0.404883
26.1 0.406309
26.3 0.407804
26.5 0.409308
26.7 0.410827
26.9 0.412281
27.1 0.41375
27.3 0.415169
27.5 0.416738
27.7 0.418242
27.9 0.419626
28.1 0.42115
28.3 0.422509
28.5 0.423952
28.7 0.425424
28.9 0.426722
29.1 0.428123
29.3 0.429484
29.5 0.430795
29.7 0.432277
29.9 0.433685
30.1 0.435109
30.3 0.436566
30.5 0.437952
30.7 0.439393
30.9 0.44084
31.1 0.442258
31.3 0.443629
31.5 0.445048
31.7 0.446389
31.9 0.447773
32.1 0.449141
32.3 0.450535
32.5 0.451934
32.7 0.453368
32.9 0.454847
33.1 0.45622
33.3 0.457639
33.5 0.45891
33.7 0.460323
33.9 0.46175
34.1 0.463121
34.3 0.464419
34.5 0.46581
34.7 0.467354
34.9 0.468756
35.1 0.470184
35.3 0.471618
35.5 0.472939
35.7 0.47435
35.9 0.475631
36.1 0.476997
36.3 0.478328
36.5 0.479696
36.7 0.48117
36.9 0.482604
37.1 0.483985
37.3 0.485382
37.5 0.486833
37.7 0.488322
37.9 0.489776
38.1 0.491323
38.3 0.492676
38.5 0.49406
38.7 0.495386
38.9 0.496694
39.1 0.49807
39.3 0.499426
39.5 0.500835
39.7 0.502196
39.9 0.503517
40.1 0.504908
40.3 0.506377
40.5 0.507683
40.7 0.509124
40.9 0.51046
41.1 0.511801
41.3 0.513122
41.5 0.514478
41.7 0.515876
41.9 0.51727
42.1 0.518621
42.3 0.519965
42.5 0.521418
42.7 0.522769
42.9 0.524216
43.1 0.525507
43.3 0.52681
43.5 0.528236
43.7 0.529512
43.9 0.53085
44.1 0.532161
44.3 0.533459
44.5 0.534793
44.7 0.536181
44.9 0.537507
45.1 0.538906
45.3 0.540272
45.5 0.541678
45.7 0.543044
45.9 0.544265
46.1 0.545603
46.3 0.546941
46.5 0.548202
46.7 0.549548
46.9 0.550881
47.1 0.552185
47.3 0.553638
47.5 0.554962
47.7 0.556381
47.9 0.557732
48.1 0.55912
48.3 0.560504
48.5 0.561797
48.7 0.563083
48.9 0.564351
49.1 0.565654
49.3 0.56693
49.5 0.568205
49.7 0.569526
49.9 0.570832
50.1 0.572093
50.3 0.573401
50.5 0.574659
50.7 0.57593
50.9 0.577178
51.1 0.578544
51.3 0.579844
51.5 0.581203
51.7 0.582546
51.9 0.583885
52.1 0.585226
52.3 0.586662
52.5 0.58795
52.7 0.589211
52.9 0.590534
53.1 0.59184
53.3 0.593098
53.5 0.594318
53.7 0.595677
53.9 0.596993
54.1 0.598291
54.3 0.599567
54.5 0.600792
54.7 0.601987
54.9 0.60327
55.1 0.604629
55.3 0.605854
55.5 0.60708
55.7 0.608358
55.9 0.609581
56.1 0.610949
56.3 0.612157
56.5 0.613466
56.7 0.614701
56.9 0.615942
57.1 0.617265
57.3 0.618666
57.5 0.619899
57.7 0.62121
57.9 0.622568
58.1 0.623919
58.3 0.625187
58.5 0.626476
58.7 0.627746
58.9 0.628934
59.1 0.630129
59.3 0.631335
59.5 0.632552
59.7 0.633778
59.9 0.635046
60.1 0.636452
60.3 0.637715
60.5 0.638953
60.7 0.640201
60.9 0.641459
61.1 0.642625
61.3 0.64382
61.5 0.645025
61.7 0.646135
61.9 0.647298
62.1 0.648563
62.3 0.649681
62.5 0.650961
62.7 0.652199
62.9 0.653437
63.1 0.654685
63.3 0.655848
63.5 0.657028
63.7 0.658274
63.9 0.659544
64.1 0.660777
64.3 0.662043
64.5 0.663221
64.7 0.664451
64.9 0.665538
65.1 0.666716
65.3 0.667967
65.5 0.669167
65.7 0.670314
65.9 0.671507
66.1 0.67267
66.3 0.673905
66.5 0.675153
66.7 0.676324
66.9 0.677531
67.1 0.678697
67.3 0.679897
67.5 0.681034
67.7 0.682187
67.9 0.683314
68.1 0.684545
68.3 0.68571
68.5 0.686946
68.7 0.688073
68.9 0.689218
69.1 0.690386
69.3 0.691601
69.5 0.692852
69.7 0.693936
69.9 0.695137
70.1 0.696342
70.3 0.697532
70.5 0.698745
70.7 0.699961
70.9 0.701073
71.1 0.702155
71.3 0.703406
71.5 0.704604
71.7 0.705616
71.9 0.706798
72.1 0.707913
72.3 0.709101
72.5 0.710239
72.7 0.711436
72.9 0.712709
73.1 0.713882
73.3 0.715047
73.5 0.716092
73.7 0.717164
73.9 0.718254
74.1 0.719412
74.3 0.720557
74.5 0.721679
74.7 0.722814
74.9 0.723984
75.1 0.725107
75.3 0.726284
75.5 0.727472
75.7 0.728617
75.9 0.72977
76.1 0.730923
76.3 0.731975
76.5 0.733082
76.7 0.734257
76.9 0.735357
77.1 0.736424
77.3 0.737544
77.5 0.738599
77.7 0.739704
77.9 0.740796
78.1 0.741914
78.3 0.743036
78.5 0.744174
78.7 0.745379
78.9 0.746421
79.1 0.747453
79.3 0.748563
79.5 0.749638
79.7 0.750708
79.9 0.751777
80.1 0.752839
80.3 0.753914
80.5 0.755007
80.7 0.756119
80.9 0.757251
81.1 0.758299
81.3 0.759336
81.5 0.76036
81.7 0.761465
81.9 0.762477
82.1 0.763487
82.3 0.764483
82.5 0.76549
82.7 0.766548
82.9 0.767612
83.1 0.768664
83.3 0.769636
83.5 0.770638
83.7 0.771715
83.9 0.77274
84.1 0.773805
84.3 0.774837
84.5 0.775831
84.7 0.776795
84.9 0.777755
85.1 0.778764
85.3 0.779791
85.5 0.780821
85.7 0.781848
85.9 0.782902
86.1 0.783904
86.3 0.784924
86.5 0.785968
86.7 0.78685
86.9 0.787922
87.1 0.788952
87.3 0.789951
87.5 0.790918
87.7 0.791975
87.9 0.793002
88.1 0.794142
88.3 0.795074
88.5 0.796058
88.7 0.797037
88.9 0.797909
89.1 0.798803
89.3 0.799684
89.5 0.800618
89.7 0.801459
89.9 0.802486
90.1 0.803443
90.3 0.804337
90.5 0.805324
90.7 0.806218
90.9 0.807197
91.1 0.808152
91.3 0.809048
91.5 0.809997
91.7 0.810919
91.9 0.81187
92.1 0.812827
92.3 0.813761
92.5 0.814701
92.7 0.81561
92.9 0.816531
93.1 0.817332
93.3 0.818347
93.5 0.819281
93.7 0.82018
93.9 0.821074
94.1 0.821932
94.3 0.822852
94.5 0.823763
94.7 0.824619
94.9 0.825541
95.1 0.826483
95.3 0.827389
95.5 0.8282
95.7 0.828996
95.9 0.829785
96.1 0.830719
96.3 0.831628
96.5 0.832464
96.7 0.83321
96.9 0.834111
97.1 0.83497
97.3 0.835759
97.5 0.836587
97.7 0.837454
97.9 0.838255
98.1 0.839038
98.3 0.839902
98.5 0.840728
98.7 0.84165
98.9 0.842521
99.1 0.84341
99.3 0.844256
99.5 0.845113
99.7 0.845971
99.9 0.84679
100.1 0.847616
100.3 0.848437
100.5 0.849266
100.7 0.8501
100.9 0.850913
101.1 0.851752
101.3 0.852633
101.5 0.853457
101.7 0.854296
101.9 0.855142
102.1 0.856008
102.3 0.856774
102.5 0.857517
102.7 0.858318
102.9 0.859137
103.1 0.85991
103.3 0.860659
103.5 0.861525
103.7 0.862366
103.9 0.863162
104.1 0.863986
104.3 0.864825
104.5 0.865576
104.7 0.866399
104.9 0.867178
105.1 0.867966
105.3 0.868747
105.5 0.869478
105.7 0.870246
105.9 0.870949
106.1 0.871765
106.3 0.872514
106.5 0.873297
106.7 0.874023
106.9 0.874764
107.1 0.875457
107.3 0.876142
107.5 0.876823
107.7 0.877536
107.9 0.878209
108.1 0.878935
108.3 0.87966
108.5 0.880338
108.7 0.881051
108.9 0.881782
109.1 0.88252
109.3 0.883244
109.5 0.883969
109.7 0.884733
109.9 0.88535
110.1 0.886084
110.3 0.886744
110.5 0.887437
110.7 0.888173
110.9 0.888914
111.1 0.889617
111.3 0.890317
111.5 0.890988
111.7 0.891646
111.9 0.892294
112.1 0.892929
112.3 0.893599
112.5 0.894298
112.7 0.894998
112.9 0.895676
113.1 0.896337
113.3 0.89701
113.5 0.897695
113.7 0.898308
113.9 0.899031
114.1 0.899634
114.3 0.900281
114.5 0.900877
114.7 0.90158
114.9 0.902248
115.1 0.90285
115.3 0.903466
115.5 0.904058
115.7 0.904668
115.9 0.905276
116.1 0.905829
116.3 0.906489
116.5 0.907112
116.7 0.907782
116.9 0.908347
117.1 0.90891
117.3 0.90954
117.5 0.910125
117.7 0.910675
117.9 0.91134
118.1 0.911863
118.3 0.912516
118.5 0.913101
118.7 0.913651
118.9 0.914258
119.1 0.914803
119.3 0.915484
119.5 0.916119
119.7 0.916682
119.9 0.917252
120.1 0.917791
120.3 0.918326
120.5 0.918839
120.7 0.919419
120.9 0.919921
121.1 0.920483
121.3 0.921048
121.5 0.921606
121.7 0.922131
121.9 0.922676
122.1 0.923238
122.3 0.923816
122.5 0.92433
122.7 0.924853
122.9 0.925372
123.1 0.92586
123.3 0.926364
123.5 0.926867
123.7 0.927331
123.9 0.927886
124.1 0.928436
124.3 0.928976
124.5 0.929466
124.7 0.930046
124.9 0.930606
125.1 0.931048
125.3 0.931592
125.5 0.932122
125.7 0.932607
125.9 0.933117
126.1 0.933604
126.3 0.934081
126.5 0.934563
126.7 0.935073
126.9 0.935555
127.1 0.935972
127.3 0.936472
127.5 0.937029
127.7 0.937511
127.9 0.937976
128.1 0.938443
128.3 0.93888
128.5 0.939369
128.7 0.939922
128.9 0.940366
129.1 0.940733
129.3 0.94114
129.5 0.941577
129.7 0.942114
129.9 0.942579
130.1 0.943041
130.3 0.943533
130.5 0.943947
130.7 0.944384
130.9 0.944758
131.1 0.9452
131.3 0.945609
131.5 0.946072
131.7 0.946466
131.9 0.946965
132.1 0.94741
132.3 0.947802
132.5 0.948286
132.7 0.948658
132.9 0.949097
133.1 0.949477
133.3 0.949856
133.5 0.950303
133.7 0.95074
133.9 0.951119
134.1 0.951576
134.3 0.95196
134.5 0.952415
134.7 0.952796
134.9 0.953213
135.1 0.953617
135.3 0.953997
135.5 0.954361
135.7 0.954805
135.9 0.955187
136.1 0.955619
136.3 0.955993
136.5 0.956375
136.7 0.956741
136.9 0.957186
137.1 0.957567
137.3 0.957929
137.5 0.958273
137.7 0.958645
137.9 0.959014
138.1 0.959418
138.3 0.959812
138.5 0.960169
138.7 0.96053
138.9 0.960862
139.1 0.961249
139.3 0.961615
139.5 0.961969
139.7 0.962291
139.9 0.96267
140.1 0.963014
140.3 0.963348
140.5 0.963659
140.7 0.964069
140.9 0.96438
141.1 0.964706
141.3 0.965063
141.5 0.965402
141.7 0.965754
141.9 0.966072
142.1 0.966447
142.3 0.966826
142.5 0.967157
142.7 0.967416
142.9 0.967793
143.1 0.968104
143.3 0.968423
143.5 0.968732
143.7 0.969088
143.9 0.969427
144.1 0.969764
144.3 0.97006
144.5 0.970449
144.7 0.970813
144.9 0.971132
145.1 0.971461
145.3 0.971805
145.5 0.972124
145.7 0.972433
145.9 0.972709
146.1 0.973008
146.3 0.973335
146.5 0.973578
146.7 0.973827
146.9 0.974111
147.1 0.974389
147.3 0.974648
147.5 0.974964
147.7 0.975215
147.9 0.975492
148.1 0.975808
148.3 0.976084
148.5 0.976368
148.7 0.976662
148.9 0.976935
149.1 0.977259
149.3 0.977556
149.5 0.977867
149.7 0.978121
149.9 0.978387
150.1 0.978671
150.3 0.978907
150.5 0.979148
150.7 0.979411
150.9 0.979693
151.1 0.979969
151.3 0.980245
151.5 0.980511
151.7 0.980702
151.9 0.980956
152.1 0.981167
152.3 0.981418
152.5 0.981661
152.7 0.981925
152.9 0.982201
153.1 0.982455
153.3 0.982678
153.5 0.982937
153.7 0.983143
153.9 0.983351
154.1 0.98357
154.3 0.983768
154.5 0.983994
154.7 0.984213
154.9 0.984446
155.1 0.98467
155.3 0.984881
155.5 0.985034
155.7 0.985245
155.9 0.985468
156.1 0.985641
156.3 0.98586
156.5 0.986081
156.7 0.986292
156.9 0.98652
157.1 0.986731
157.3 0.986917
157.5 0.987143
157.7 0.987324
157.9 0.98755
158.1 0.987776
158.3 0.987967
158.5 0.98819
158.7 0.988391
158.9 0.988557
159.1 0.988705
159.3 0.988924
159.5 0.989144
159.7 0.989348
159.9 0.989559
160.1 0.989767
160.3 0.989941
160.5 0.990104
160.7 0.990285
160.9 0.990465
161.1 0.990629
161.3 0.990784
161.5 0.990942
161.7 0.991091
161.9 0.991244
162.1 0.991402
162.3 0.99157
162.5 0.991733
162.7 0.991897
162.9 0.992067
163.1 0.992226
163.3 0.992394
163.5 0.992547
163.7 0.992703
163.9 0.992833
164.1 0.993022
164.3 0.993145
164.5 0.993273
164.7 0.993383
164.9 0.993541
165.1 0.993672
165.3 0.993798
165.5 0.993916
165.7 0.994056
165.9 0.994179
166.1 0.994342
166.3 0.994443
166.5 0.994553
166.7 0.994669
166.9 0.994762
167.1 0.994862
167.3 0.99499
167.5 0.995091
167.7 0.995181
167.9 0.995297
168.1 0.995425
168.3 0.99554
168.5 0.995671
168.7 0.995794
168.9 0.995907
169.1 0.99601
169.3 0.9961
169.5 0.996201
169.7 0.996316
169.9 0.996442
170.1 0.99652
170.3 0.996602
170.5 0.996658
170.7 0.996728
170.9 0.996796
171.1 0.996896
171.3 0.996969
171.5 0.997067
171.7 0.99717
171.9 0.997248
172.1 0.997308
172.3 0.997409
172.5 0.997469
172.7 0.997574
172.9 0.997632
173.1 0.997697
173.3 0.99777
173.5 0.99784
173.7 0.997918
173.9 0.997976
174.1 0.998036
174.3 0.998107
174.5 0.998169
174.7 0.99824
174.9 0.998318
175.1 0.998363
175.3 0.998433
175.5 0.998501
175.7 0.998574
175.9 0.998644
176.1 0.998697
176.3 0.99877
176.5 0.998837
176.7 0.998903
176.9 0.998963
177.1 0.999033
177.3 0.999099
177.5 0.999179
177.7 0.999239
177.9 0.999299
178.1 0.999357
178.3 0.999402
178.5 0.999485
178.7 0.999551
178.9 0.999598
179.1 0.999646
179.3 0.999701
179.5 0.999751
179.7 0.999819
179.9 0.999884
180.1 0.999945
