-99.9 0
-99.7 0
-99.5 0
-99.3 0
-99.1 0
-98.9 0
-98.7 0
-98.5 0
-98.3 0
-98.1 0
-97.9 0
-97.7 0
-97.5 0
-97.3 0
-97.1 0
-96.9 0
-96.7 0
-96.5 0
-96.3 0
-96.1 0
-95.9 0
-95.7 0
-95.5 0
-95.3 0
-95.1 0
-94.9 0
-94.7 0
-94.5 0
-94.3 0
-94.1 0
-93.9 0
-93.7 0
-93.5 0
-93.3 0
-93.1 0
-92.9 0
-92.7 0
-92.5 0
-92.3 0
-92.1 0
-91.9 0
-91.7 0
-91.5 1
-91.3 0
-91.1 0
-90.9 0
-90.7 0
-90.5 0
-90.3 0
-90.1 0
-89.9 0
-89.7 0
-89.5 0
-89.3 0
-89.1 0
-88.9 0
-88.7 0
-88.5 0
-88.3 0
-88.1 0
-87.9 0
-87.7 0
-87.5 0
-87.3 0
-87.1 0
-86.9 0
-86.7 0
-86.5 0
-86.3 0
-86.1 0
-85.9 0
-85.7 0
-85.5 0
-85.3 0
-85.1 0
-84.9 0
-84.7 0
-84.5 0
-84.3 0
-84.1 0
-83.9 0
-83.7 0
-83.5 0
-83.3 0
-83.1 0
-82.9 0
-82.7 0
-82.5 0
-82.3 0
-82.1 0
-81.9 0
-81.7 0
-81.5 0
-81.3 0
-81.1 0
-80.9 0
-80.7 0
-80.5 0
-80.3 0
-80.1 0
-79.9 0
-79.7 0
-79.5 0
-79.3 0
-79.1 0
-78.9 0
-78.7 0
-78.5 0
-78.3 0
-78.1 0
-77.9 0
-77.7 0
-77.5 0
-77.3 0
-77.1 0
-76.9 0
-76.7 0
-76.5 0
-76.3 0
-76.1 0
-75.9 0
-75.7 0
-75.5 0
-75.3 0
-75.1 0
-74.9 0
-74.7 0
-74.5 0
-74.3 0
-74.1 0
-73.9 0
-73.7 0
-73.5 1
-73.3 0
-73.1 0
-72.9 0
-72.7 0
-72.5 0
-72.3 0
-72.1 0
-71.9 0
-71.7 0
-71.5 0
-71.3 0
-71.1 0
-70.9 0
-70.7 0
-70.5 0
-70.3 0
-70.1 0
-69.9 0
-69.7 0
-69.5 0
-69.3 0
-69.1 0
-68.9 0
-68.7 0
-68.5 0
-68.3 0
-68.1 0
-67.9 0
-67.7 0
-67.5 0
-67.3 0
-67.1 0
-66.9 0
-66.7 0
-66.5 0
-66.3 0
-66.1 0
-65.9 0
-65.7 0
-65.5 0
-65.3 0
-65.1 0
-64.9 0
-64.7 0
-64.5 0
-64.3 0
-64.1 0
-63.9 0
-63.7 0
-63.5 0
-63.3 0
-63.1 0
-62.9 0
-62.7 0
-62.5 0
-62.3 1
-62.1 0
-61.9 0
-61.7 0
-61.5 0
-61.3 0
-61.1 0
-60.9 0
-60.7 0
-60.5 0
-60.3 0
-60.1 0
-59.9 0
-59.7 0
-59.5 0
-59.3 0
-59.1 1
-58.9 0
-58.7 0
-58.5 0
-58.3 0
-58.1 0
-57.9 0
-57.7 0
-57.5 0
-57.3 0
-57.1 0
-56.9 0
-56.7 0
-56.5 0
-56.3 0
-56.1 0
-55.9 0
-55.7 0
-55.5 0
-55.3 0
-55.1 0
-54.9 0
-54.7 0
-54.5 0
-54.3 0
-54.1 0
-53.9 0
-53.7 0
-53.5 0
-53.3 0
-53.1 0
-52.9 0
-52.7 0
-52.5 0
-52.3 0
-52.1 0
-51.9 0
-51.7 0
-51.5 0
-51.3 0
-51.1 0
-50.9 0
-50.7 0
-50.5 0
-50.3 0
-50.1 0
-49.9 0
-49.7 0
-49.5 0
-49.3 1
-49.1 0
-48.9 0
-48.7 0
-48.5 0
-48.3 0
-48.1 0
-47.9 0
-47.7 0
-47.5 0
-47.3 0
-47.1 0
-46.9 0
-46.7 0
-46.5 0
-46.3 0
-46.1 0
-45.9 0
-45.7 0
-45.5 0
-45.3 0
-45.1 0
-44.9 0
-44.7 0
-44.5 0
-44.3 0
-44.1 0
-43.9 0
-43.7 0
-43.5 0
-43.3 0
-43.1 0
-42.9 0
-42.7 0
-42.5 0
-42.3 0
-42.1 0
-41.9 1
-41.7 0
-41.5 0
-41.3 0
-41.1 0
-40.9 0
-40.7 0
-40.5 0
-40.3 0
-40.1 0
-39.9 0
-39.7 0
-39.5 0
-39.3 0
-39.1 0
-38.9 0
-38.7 0
-38.5 0
-38.3 0
-38.1 0
-37.9 0
-37.7 0
-37.5 1
-37.3 0
-37.1 0
-36.9 1
-36.7 0
-36.5 0
-36.3 0
-36.1 0
-35.9 0
-35.7 0
-35.5 0
-35.3 0
-35.1 1
-34.9 1
-34.7 0
-34.5 2
-34.3 2
-34.1 0
-33.9 1
-33.7 3
-33.5 1
-33.3 6
-33.1 4
-32.9 6
-32.7 4
-32.5 8
-32.3 16
-32.1 8
-31.9 22
-31.7 25
-31.5 28
-31.3 49
-31.1 55
-30.9 62
-30.7 69
-30.5 74
-30.3 121
-30.1 118
-29.9 155
-29.7 153
-29.5 144
-29.3 189
-29.1 169
-28.9 180
-28.7 184
-28.5 179
-28.3 182
-28.1 201
-27.9 175
-27.7 183
-27.5 171
-27.3 142
-27.1 160
-26.9 170
-26.7 156
-26.5 143
-26.3 147
-26.1 123
-25.9 132
-25.7 122
-25.5 153
-25.3 142
-25.1 147
-24.9 133
-24.7 131
-24.5 126
-24.3 107
-24.1 140
-23.9 148
-23.7 136
-23.5 134
-23.3 140
-23.1 123
-22.9 106
-22.7 136
-22.5 102
-22.3 128
-22.1 134
-21.9 118
-21.7 154
-21.5 134
-21.3 120
-21.1 142
-20.9 116
-20.7 150
-20.5 115
-20.3 115
-20.1 99
-19.9 104
-19.7 112
-19.5 124
-19.3 103
-19.1 118
-18.9 107
-18.7 134
-18.5 126
-18.3 111
-18.1 126
-17.9 125
-17.7 104
-17.5 118
-17.3 117
-17.1 122
-16.9 119
-16.7 118
-16.5 133
-16.3 132
-16.1 126
-15.9 120
-15.7 113
-15.5 122
-15.3 137
-15.1 106
-14.9 116
-14.7 129
-14.5 119
-14.3 129
-14.1 111
-13.9 117
-13.7 144
-13.5 113
-13.3 129
-13.1 101
-12.9 120
-12.7 133
-12.5 109
-12.3 118
-12.1 125
-11.9 106
-11.7 118
-11.5 111
-11.3 111
-11.1 93
-10.9 149
-10.7 116
-10.5 101
-10.3 113
-10.1 112
-9.9 113
-9.7 108
-9.5 113
-9.3 115
-9.1 110
-8.9 103
-8.7 120
-8.5 92
-8.3 117
-8.1 120
-7.9 105
-7.7 112
-7.5 112
-7.3 125
-7.1 118
-6.9 105
-6.7 117
-6.5 141
-6.3 115
-6.1 119
-5.9 101
-5.7 91
-5.5 123
-5.3 90
-5.1 105
-4.9 104
-4.7 113
-4.5 120
-4.3 139
-4.1 134
-3.9 100
-3.7 112
-3.5 96
-3.3 112
-3.1 98
-2.9 91
-2.7 102
-2.5 128
-2.3 130
-2.1 113
-1.9 117
-1.7 101
-1.5 124
-1.3 104
-1.1 115
-0.9 106
-0.7 116
-0.5 117
-0.3 118
-0.1 122
0.1 123
0.3 86
0.5 114
0.7 119
0.9 141
1.1 120
1.3 115
1.5 98
1.7 113
1.9 89
2.1 94
2.3 110
2.5 103
2.7 118
2.9 105
3.1 102
3.3 99
3.5 116
3.7 98
3.9 129
4.1 130
4.3 106
4.5 124
4.7 110
4.9 111
5.1 113
5.3 135
5.5 134
5.7 105
5.9 118
6.1 109
6.3 86
6.5 140
6.7 118
6.9 117
7.1 90
7.3 106
7.5 115
7.7 118
7.9 106
8.1 89
8.3 99
8.5 96
8.7 118
8.9 97
9.1 112
9.3 104
9.5 115
9.7 109
9.9 109
10.1 106
10.3 114
10.5 115
10.7 118
10.9 119
11.1 101
11.3 101
11.5 119
11.7 87
11.9 118
12.1 125
12.3 103
12.5 107
12.7 122
12.9 113
13.1 104
13.3 127
13.5 116
13.7 123
13.9 114
14.1 104
14.3 136
14.5 122
14.7 104
14.9 81
15.1 108
15.3 120
15.5 113
15.7 109
15.9 111
16.1 112
16.3 96
16.5 98
16.7 129
16.9 113
17.1 109
17.3 108
17.5 106
17.7 125
17.9 108
18.1 126
18.3 95
18.5 119
18.7 116
18.9 111
19.1 105
19.3 107
19.5 105
19.7 93
19.9 109
20.1 103
20.3 109
20.5 98
20.7 121
20.9 101
21.1 113
21.3 94
21.5 112
21.7 107
21.9 105
22.1 109
22.3 98
22.5 91
22.7 107
22.9 121
23.1 117
23.3 114
23.5 118
23.7 97
23.9 111
24.1 118
24.3 104
24.5 104
24.7 100
24.9 117
25.1 124
25.3 114
25.5 124
25.7 114
25.9 120
26.1 100
26.3 106
26.5 111
26.7 105
26.9 116
27.1 97
27.3 92
27.5 117
27.7 105
27.9 113
28.1 106
28.3 98
28.5 112
28.7 105
28.9 100
29.1 105
29.3 95
29.5 103
29.7 110
29.9 119
30.1 108
30.3 119
30.5 111
30.7 115
30.9 100
31.1 113
31.3 94
31.5 119
31.7 92
31.9 116
32.1 85
32.3 111
32.5 99
32.7 104
32.9 99
33.1 100
33.3 99
33.5 112
33.7 103
33.9 100
34.1 106
34.3 101
34.5 110
34.7 103
34.9 114
35.1 85
35.3 112
35.5 103
35.7 86
35.9 85
36.1 113
36.3 102
36.5 123
36.7 127
36.9 88
37.1 97
37.3 97
37.5 99
37.7 100
37.9 127
38.1 111
38.3 93
38.5 98
38.7 97
38.9 118
39.1 92
39.3 115
39.5 105
39.7 103
39.9 101
40.1 99
40.3 110
40.5 107
40.7 104
40.9 94
41.1 90
41.3 112
41.5 109
41.7 103
41.9 106
42.1 98
42.3 95
42.5 106
42.7 101
42.9 100
43.1 102
43.3 82
43.5 74
43.7 112
43.9 112
44.1 102
44.3 101
44.5 102
44.7 98
44.9 98
45.1 82
45.3 83
45.5 91
45.7 92
45.9 124
46.1 92
46.3 105
46.5 97
46.7 98
46.9 107
47.1 112
47.3 102
47.5 108
47.7 90
47.9 92
48.1 93
48.3 108
48.5 102
48.7 86
48.9 109
49.1 83
49.3 108
49.5 103
49.7 102
49.9 103
50.1 104
50.3 117
50.5 79
50.7 100
50.9 93
51.1 94
51.3 94
51.5 77
51.7 105
51.9 101
52.1 105
52.3 99
52.5 95
52.7 108
52.9 105
53.1 108
53.3 105
53.5 98
53.7 104
53.9 88
54.1 103
54.3 85
54.5 89
54.7 73
54.9 96
55.1 109
55.3 79
55.5 89
55.7 79
55.9 98
56.1 116
56.3 94
56.5 93
56.7 92
56.9 84
57.1 105
57.3 97
57.5 90
57.7 89
57.9 93
58.1 96
58.3 99
58.5 97
58.7 88
58.9 88
59.1 92
59.3 88
59.5 105
59.7 91
59.9 101
60.1 93
60.3 105
60.5 93
60.7 90
60.9 85
61.1 103
61.3 111
61.5 106
61.7 73
61.9 94
62.1 100
62.3 93
62.5 81
62.7 89
62.9 97
63.1 83
63.3 98
63.5 89
63.7 89
63.9 84
64.1 92
64.3 101
64.5 105
64.7 85
64.9 72
65.1 103
65.3 100
65.5 83
65.7 87
65.9 100
66.1 86
66.3 109
66.5 88
66.7 98
66.9 91
67.1 92
67.3 78
67.5 78
67.7 91
67.9 89
68.1 98
68.3 85
68.5 83
68.7 82
68.9 75
69.1 87
69.3 75
69.5 85
69.7 78
69.9 118
70.1 86
70.3 83
70.5 91
70.7 79
70.9 95
71.1 82
71.3 100
71.5 97
71.7 104
71.9 92
72.1 92
72.3 88
72.5 86
72.7 98
72.9 85
73.1 96
73.3 101
73.5 87
73.7 92
73.9 87
74.1 94
74.3 90
74.5 79
74.7 89
74.9 89
75.1 88
75.3 93
75.5 76
75.7 77
75.9 102
76.1 84
76.3 95
76.5 73
76.7 93
76.9 95
77.1 84
77.3 82
77.5 83
77.7 99
77.9 86
78.1 78
78.3 73
78.5 99
78.7 79
78.9 84
79.1 88
79.3 83
79.5 77
79.7 65
79.9 84
80.1 82
80.3 86
80.5 85
80.7 78
80.9 77
81.1 73
81.3 78
81.5 84
81.7 100
81.9 89
82.1 86
82.3 77
82.5 94
82.7 86
82.9 78
83.1 74
83.3 95
83.5 73
83.7 74
83.9 79
84.1 84
84.3 75
84.5 85
84.7 83
84.9 96
85.1 69
85.3 95
85.5 76
85.7 88
85.9 90
86.1 90
86.3 101
86.5 91
86.7 83
86.9 106
87.1 80
87.3 78
87.5 96
87.7 73
87.9 70
88.1 71
88.3 72
88.5 90
88.7 78
88.9 89
89.1 92
89.3 90
89.5 76
89.7 74
89.9 87
90.1 80
90.3 79
90.5 88
90.7 77
90.9 74
91.1 72
91.3 83
91.5 76
91.7 95
91.9 71
92.1 78
92.3 75
92.5 84
92.7 86
92.9 86
93.1 84
93.3 72
93.5 80
93.7 81
93.9 77
94.1 84
94.3 76
94.5 70
94.7 87
94.9 83
95.1 90
95.3 69
95.5 75
95.7 93
95.9 73
96.1 85
96.3 71
96.5 81
96.7 84
96.9 71
97.1 78
97.3 75
97.5 83
97.7 89
97.9 70
98.1 84
98.3 75
98.5 82
98.7 83
98.9 92
99.1 85
99.3 80
99.5 74
99.7 69
99.9 78
100.1 74
100.3 73
100.5 69
100.7 68
100.9 78
101.1 74
101.3 83
101.5 71
101.7 76
101.9 81
102.1 95
102.3 83
102.5 65
102.7 79
102.9 79
103.1 74
103.3 72
103.5 75
103.7 71
103.9 68
104.1 73
104.3 71
104.5 84
104.7 73
104.9 73
105.1 83
105.3 62
105.5 73
105.7 61
105.9 75
106.1 74
106.3 75
106.5 83
106.7 78
106.9 75
107.1 81
107.3 80
107.5 87
107.7 81
107.9 75
108.1 72
108.3 74
108.5 83
108.7 76
108.9 74
109.1 88
109.3 66
109.5 83
109.7 84
109.9 73
110.1 90
110.3 67
110.5 72
110.7 77
110.9 54
111.1 47
111.3 70
111.5 71
111.7 68
111.9 80
112.1 65
112.3 67
112.5 66
112.7 72
112.9 77
113.1 86
113.3 66
113.5 72
113.7 68
113.9 71
114.1 67
114.3 63
114.5 73
114.7 57
114.9 56
115.1 83
115.3 80
115.5 65
115.7 67
115.9 67
116.1 69
116.3 72
116.5 75
116.7 84
116.9 72
117.1 72
117.3 63
117.5 60
117.7 66
117.9 62
118.1 74
118.3 56
118.5 71
118.7 74
118.9 67
119.1 60
119.3 71
119.5 74
119.7 66
119.9 76
120.1 84
120.3 74
120.5 69
120.7 68
120.9 70
121.1 71
121.3 62
121.5 65
121.7 66
121.9 70
122.1 61
122.3 60
122.5 57
122.7 52
122.9 65
123.1 63
123.3 60
123.5 66
123.7 54
123.9 69
124.1 62
124.3 72
124.5 62
124.7 77
124.9 65
125.1 60
125.3 54
125.5 58
125.7 62
125.9 73
126.1 52
126.3 61
126.5 65
126.7 44
126.9 66
127.1 63
127.3 60
127.5 55
127.7 56
127.9 54
128.1 64
128.3 66
128.5 59
128.7 57
128.9 69
129.1 67
129.3 57
129.5 64
129.7 58
129.9 59
130.1 63
130.3 59
130.5 58
130.7 66
130.9 66
131.1 77
131.3 77
131.5 49
131.7 69
131.9 60
132.1 46
132.3 69
132.5 71
132.7 55
132.9 63
133.1 46
133.3 47
133.5 45
133.7 57
133.9 67
134.1 66
134.3 56
134.5 68
134.7 63
134.9 55
135.1 62
135.3 57
135.5 57
135.7 58
135.9 60
136.1 54
136.3 53
136.5 53
136.7 66
136.9 57
137.1 53
137.3 64
137.5 55
137.7 47
137.9 40
138.1 52
138.3 64
138.5 32
138.7 42
138.9 57
139.1 52
139.3 42
139.5 36
139.7 47
139.9 49
140.1 48
140.3 48
140.5 55
140.7 49
140.9 55
141.1 54
141.3 61
141.5 56
141.7 58
141.9 29
142.1 52
142.3 53
142.5 40
142.7 41
142.9 41
143.1 43
143.3 41
143.5 40
143.7 45
143.9 43
144.1 52
144.3 46
144.5 34
144.7 33
144.9 29
145.1 42
145.3 50
145.5 40
145.7 36
145.9 29
146.1 47
146.3 36
146.5 42
146.7 41
146.9 39
147.1 33
147.3 42
147.5 31
147.7 39
147.9 46
148.1 24
148.3 32
148.5 32
148.7 31
148.9 25
149.1 35
149.3 26
149.5 27
149.7 32
149.9 31
150.1 21
150.3 20
150.5 35
150.7 23
150.9 20
151.1 28
151.3 26
151.5 13
151.7 27
151.9 24
152.1 23
152.3 25
152.5 26
152.7 21
152.9 18
153.1 9
153.3 15
153.5 29
153.7 22
153.9 18
154.1 23
154.3 19
154.5 11
154.7 14
154.9 14
155.1 17
155.3 14
155.5 15
155.7 15
155.9 5
156.1 15
156.3 13
156.5 17
156.7 19
156.9 12
157.1 7
157.3 19
157.5 18
157.7 9
157.9 10
158.1 15
158.3 12
158.5 12
158.7 6
158.9 10
159.1 12
159.3 14
159.5 11
159.7 3
159.9 7
160.1 12
160.3 10
160.5 14
160.7 5
160.9 7
161.1 8
161.3 8
161.5 5
161.7 3
161.9 3
162.1 6
162.3 3
162.5 6
162.7 8
162.9 3
163.1 3
163.3 8
163.5 5
163.7 4
163.9 3
164.1 5
164.3 0
164.5 5
164.7 2
164.9 1
165.1 2
165.3 3
165.5 1
165.7 7
165.9 3
166.1 1
166.3 4
166.5 1
166.7 2
166.9 4
167.1 3
167.3 0
167.5 2
167.7 3
167.9 2
168.1 1
168.3 0
168.5 0
168.7 1
168.9 0
169.1 0
169.3 2
169.5 2
169.7 1
169.9 1
