1543
-207.7 0.000110702
-207.5 0.000166053
-207.3 0.000332106
-207.1 0.000332106
-206.9 0.000470484
-206.7 0.000636537
-206.5 0.00080259
-206.3 0.000885617
-206.1 0.000968644
-205.9 0.00102399
-205.7 0.00119005
-205.5 0.00130075
-205.3 0.00141145
-205.1 0.00152215
-204.9 0.00157751
-204.7 0.00171588
-204.5 0.00185426
-204.3 0.00188194
-204.1 0.00199264
-203.9 0.00213102
-203.7 0.00215869
-203.5 0.00229707
-203.3 0.0024908
-203.1 0.00251847
-202.9 0.00262918
-202.7 0.0028229
-202.5 0.00298896
-202.3 0.00307198
-202.1 0.00321036
-201.9 0.00348712
-201.7 0.00365317
-201.5 0.00390225
-201.3 0.00404063
-201.1 0.0040683
-200.9 0.00426203
-200.7 0.00442808
-200.5 0.00459414
-200.3 0.00470484
-200.1 0.0049816
-199.9 0.00517532
-199.7 0.00539673
-199.5 0.00559046
-199.3 0.00575651
-199.1 0.00606094
-198.9 0.00628235
-198.7 0.00653143
-198.5 0.00661445
-198.3 0.00686353
-198.1 0.00714029
-197.9 0.00727866
-197.7 0.00752774
-197.5 0.00777682
-197.3 0.00797055
-197.1 0.00821963
-196.9 0.00846871
-196.7 0.00874547
-196.5 0.00888385
-196.3 0.00910525
-196.1 0.00932665
-195.9 0.00938201
-195.7 0.00957573
-195.5 0.00985249
-195.3 0.0100739
-195.1 0.0103506
-194.9 0.0105997
-194.7 0.0109595
-194.5 0.0113193
-194.3 0.0114853
-194.1 0.0118175
-193.9 0.0122603
-193.7 0.0125093
-193.5 0.0128691
-193.3 0.0133119
-193.1 0.0140038
-192.9 0.0143359
-192.7 0.0146957
-192.5 0.0151385
-192.3 0.0154706
-192.1 0.0161348
-191.9 0.0167714
-191.7 0.0173249
-191.5 0.0180168
-191.3 0.0184596
-191.1 0.0191791
-190.9 0.0197603
-190.7 0.0201478
-190.5 0.0206736
-190.3 0.0211441
-190.1 0.021919
-189.9 0.0225002
-189.7 0.0232198
-189.5 0.0239947
-189.3 0.0245205
-189.1 0.0252124
-188.9 0.0258766
-188.7 0.0266515
-188.5 0.0273158
-188.3 0.02798
-188.1 0.0288102
-187.9 0.0295575
-187.7 0.0303877
-187.5 0.031218
-187.3 0.0324357
-187.1 0.0333767
-186.9 0.0342346
-186.7 0.0351202
-186.5 0.0361442
-186.3 0.0368361
-186.1 0.037528
-185.9 0.0385797
-185.7 0.039659
-185.5 0.040434
-185.3 0.0414303
-185.1 0.0420668
-184.9 0.0431462
-184.7 0.0441148
-184.5 0.0451665
-184.3 0.0459967
-184.1 0.0471314
-183.9 0.0480447
-183.7 0.048958
-183.5 0.0498713
-183.3 0.0513935
-183.1 0.0526942
-182.9 0.0539119
-182.7 0.0551573
-182.5 0.0559876
-182.3 0.0571776
-182.1 0.0583954
-181.9 0.0596131
-181.7 0.0608585
-181.5 0.0619102
-181.3 0.0629342
-181.1 0.0639582
-180.9 0.0649821
-180.7 0.0663382
-180.5 0.0675006
-180.3 0.0684969
-180.1 0.0694656
-179.9 0.070711
-179.7 0.0719287
-179.5 0.0729527
-179.3 0.073783
-179.1 0.0751944
-178.9 0.0762738
-178.7 0.0773808
-178.5 0.0785432
-178.3 0.08001
-178.1 0.081283
-177.9 0.0825561
-177.7 0.0837462
-177.5 0.0847148
-177.3 0.0859325
-177.1 0.0872056
-176.9 0.0882849
-176.7 0.0895303
-176.5 0.0909695
-176.3 0.0920211
-176.1 0.0933772
-175.9 0.0947057
-175.7 0.0960064
-175.5 0.0975009
-175.3 0.0988017
-175.1 0.0998533
-174.9 0.101348
-174.7 0.102372
-174.5 0.103756
-174.3 0.105222
-174.1 0.106689
-173.9 0.107685
-173.7 0.108765
-173.5 0.11001
-173.3 0.111394
-173.1 0.112805
-172.9 0.113857
-172.7 0.115296
-172.5 0.116514
-172.3 0.11787
-172.1 0.119254
-171.9 0.120361
-171.7 0.121219
-171.5 0.12263
-171.3 0.12382
-171.1 0.124983
-170.9 0.126671
-170.7 0.127612
-170.5 0.128857
-170.3 0.130075
-170.1 0.131154
-169.9 0.132815
-169.7 0.134005
-169.5 0.135029
-169.3 0.136385
-169.1 0.137658
-168.9 0.138987
-168.7 0.140177
-168.5 0.141284
-168.3 0.142252
-168.1 0.143193
-167.9 0.144356
-167.7 0.145961
-167.5 0.147123
-167.3 0.14823
-167.1 0.149586
-166.9 0.150666
-166.7 0.151773
-166.5 0.152907
-166.3 0.154042
-166.1 0.155177
-165.9 0.156145
-165.7 0.157612
-165.5 0.159051
-165.3 0.160103
-165.1 0.161072
-164.9 0.162068
-164.7 0.162981
-164.5 0.164088
-164.3 0.165085
-164.1 0.166109
-163.9 0.16716
-163.7 0.168516
-163.5 0.169651
-163.3 0.17062
-163.1 0.171837
-162.9 0.172806
-162.7 0.173858
-162.5 0.174826
-162.3 0.176044
-162.1 0.17693
-161.9 0.178313
-161.7 0.179448
-161.5 0.180223
-161.3 0.181358
-161.1 0.18252
-160.9 0.183378
-160.7 0.184402
-160.5 0.185731
-160.3 0.186782
-160.1 0.187778
-159.9 0.189273
-159.7 0.189993
-159.5 0.191017
-159.3 0.192262
-159.1 0.193535
-158.9 0.194697
-158.7 0.196081
-158.5 0.19705
-158.3 0.197852
-158.1 0.198766
-157.9 0.199651
-157.7 0.200703
-157.5 0.201782
-157.3 0.202668
-157.1 0.203886
-156.9 0.204965
-156.7 0.20621
-156.5 0.207151
-156.3 0.208258
-156.1 0.209061
-155.9 0.21014
-155.7 0.210915
-155.5 0.211801
-155.3 0.212769
-155.1 0.213904
-154.9 0.215011
-154.7 0.216229
-154.5 0.217087
-154.3 0.218111
-154.1 0.219218
-153.9 0.220353
-153.7 0.221294
-153.5 0.222262
-153.3 0.222982
-153.1 0.223591
-152.9 0.224836
-152.7 0.225943
-152.5 0.226801
-152.3 0.227659
-152.1 0.228655
-151.9 0.229458
-151.7 0.230454
-151.5 0.231367
-151.3 0.232225
-151.1 0.233139
-150.9 0.234052
-150.7 0.234689
-150.5 0.235602
-150.3 0.236737
-150.1 0.23765
-149.9 0.238757
-149.7 0.239947
-149.5 0.240999
-149.3 0.242576
-149.1 0.243766
-148.9 0.244984
-148.7 0.246119
-148.5 0.247087
-148.3 0.24836
-148.1 0.249246
-147.9 0.250076
-147.7 0.250989
-147.5 0.252152
-147.3 0.25301
-147.1 0.253812
-146.9 0.25467
-146.7 0.255916
-146.5 0.256635
-146.3 0.257465
-146.1 0.258185
-145.9 0.259264
-145.7 0.259735
-145.5 0.260814
-145.3 0.261783
-145.1 0.262696
-144.9 0.263471
-144.7 0.264523
-144.5 0.265298
-144.3 0.266156
-144.1 0.267014
-143.9 0.267927
-143.7 0.268674
-143.5 0.269394
-143.3 0.270196
-143.1 0.27122
-142.9 0.271995
-142.7 0.273158
-142.5 0.274624
-142.3 0.275676
-142.1 0.276866
-141.9 0.277779
-141.7 0.279108
-141.5 0.280464
-141.3 0.281322
-141.1 0.282484
-140.9 0.283591
-140.7 0.284366
-140.5 0.285445
-140.3 0.286497
-140.1 0.287549
-139.9 0.28885
-139.7 0.29004
-139.5 0.291008
-139.3 0.292171
-139.1 0.292862
-138.9 0.293665
-138.7 0.294689
-138.5 0.295685
-138.3 0.296682
-138.1 0.297678
-137.9 0.298564
-137.7 0.299256
-137.5 0.299864
-137.3 0.300916
-137.1 0.301829
-136.9 0.303019
-136.7 0.304099
-136.5 0.305178
-136.3 0.306368
-136.1 0.307115
-135.9 0.308305
-135.7 0.309468
-135.5 0.31063
-135.3 0.311488
-135.1 0.312484
-134.9 0.313342
-134.7 0.314117
-134.5 0.315003
-134.3 0.315778
-134.1 0.316719
-133.9 0.317632
-133.7 0.318767
-133.5 0.319431
-133.3 0.320372
-133.1 0.321202
-132.9 0.322199
-132.7 0.323167
-132.5 0.324191
-132.3 0.325021
-132.1 0.325935
-131.9 0.32682
-131.7 0.327761
-131.5 0.32873
-131.3 0.329505
-131.1 0.330446
-130.9 0.331248
-130.7 0.332051
-130.5 0.332909
-130.3 0.333767
-130.1 0.334957
-129.9 0.335953
-129.7 0.337005
-129.5 0.337835
-129.3 0.338887
-129.1 0.339745
-128.9 0.340575
-128.7 0.341295
-128.5 0.342097
-128.3 0.343038
-128.1 0.344173
-127.9 0.345474
-127.7 0.346498
-127.5 0.347383
-127.3 0.34838
-127.1 0.34957
-126.9 0.350428
-126.7 0.351258
-126.5 0.352282
-126.3 0.353112
-126.1 0.354025
-125.9 0.354966
-125.7 0.35588
-125.5 0.356931
-125.3 0.358066
-125.1 0.359284
-124.9 0.360363
-124.7 0.361442
-124.5 0.362328
-124.3 0.363269
-124.1 0.364072
-123.9 0.365234
-123.7 0.36623
-123.5 0.367088
-123.3 0.367891
-123.1 0.368776
-122.9 0.36969
-122.7 0.370603
-122.5 0.371378
-122.3 0.372181
-122.1 0.37326
-121.9 0.374007
-121.7 0.375197
-121.5 0.376027
-121.3 0.376747
-121.1 0.377577
-120.9 0.378546
-120.7 0.379321
-120.5 0.380456
-120.3 0.381397
-120.1 0.382448
-119.9 0.383666
-119.7 0.384358
-119.5 0.385105
-119.3 0.386212
-119.1 0.387568
-118.9 0.388398
-118.7 0.389146
-118.5 0.39028
-118.3 0.391194
-118.1 0.39219
-117.9 0.393297
-117.7 0.394653
-117.5 0.395677
-117.3 0.396397
-117.1 0.397338
-116.9 0.398306
-116.7 0.399109
-116.5 0.400216
-116.3 0.401378
-116.1 0.402513
-115.9 0.403343
-115.7 0.40445
-115.5 0.405419
-115.3 0.406277
-115.1 0.40719
-114.9 0.408103
-114.7 0.408823
-114.5 0.409847
-114.3 0.410926
-114.1 0.412172
-113.9 0.413113
-113.7 0.413749
-113.5 0.414663
-113.3 0.415465
-113.1 0.416517
-112.9 0.417707
-112.7 0.418592
-112.5 0.419755
-112.3 0.420973
-112.1 0.421969
-111.9 0.423021
-111.7 0.424155
-111.5 0.425041
-111.3 0.425816
-111.1 0.426812
-110.9 0.427919
-110.7 0.429081
-110.5 0.430327
-110.3 0.431185
-110.1 0.432181
-109.9 0.433399
-109.7 0.434478
-109.5 0.435502
-109.3 0.436471
-109.1 0.437384
-108.9 0.438408
-108.7 0.439266
-108.5 0.440041
-108.3 0.440761
-108.1 0.441591
-107.9 0.442587
-107.7 0.443334
-107.5 0.444331
-107.3 0.445438
-107.1 0.446683
-106.9 0.447762
-106.7 0.448537
-106.5 0.449534
-106.3 0.450558
-106.1 0.45136
-105.9 0.452163
-105.7 0.453159
-105.5 0.454239
-105.3 0.454986
-105.1 0.455982
-104.9 0.456868
-104.7 0.457809
-104.5 0.458667
-104.3 0.459663
-104.1 0.460576
-103.9 0.461489
-103.7 0.462486
-103.5 0.463427
-103.3 0.464478
-103.1 0.465392
-102.9 0.466333
-102.7 0.466997
-102.5 0.468215
-102.3 0.469349
-102.1 0.470429
-101.9 0.471259
-101.7 0.472477
-101.5 0.473362
-101.3 0.474359
-101.1 0.475493
-100.9 0.476407
-100.7 0.477098
-100.5 0.478067
-100.3 0.479008
-100.1 0.480032
-99.9 0.480973
-99.7 0.482025
-99.5 0.483132
-99.3 0.483796
-99.1 0.484654
-98.9 0.485678
-98.7 0.486702
-98.5 0.487643
-98.3 0.488833
-98.1 0.489857
-97.9 0.490909
-97.7 0.491933
-97.5 0.492846
-97.3 0.493981
-97.1 0.494949
-96.9 0.495669
-96.7 0.496665
-96.5 0.497744
-96.3 0.498685
-96.1 0.499765
-95.9 0.50054
-95.7 0.501619
-95.5 0.502781
-95.3 0.503916
-95.1 0.50494
-94.9 0.505909
-94.7 0.506767
-94.5 0.507763
-94.3 0.508538
-94.1 0.509645
-93.9 0.510752
-93.7 0.511665
-93.5 0.512468
-93.3 0.513492
-93.1 0.514543
-92.9 0.515263
-92.7 0.516287
-92.5 0.517117
-92.3 0.518197
-92.1 0.519055
-91.9 0.520023
-91.7 0.520826
-91.5 0.521905
-91.3 0.523012
-91.1 0.524036
-90.9 0.525254
-90.7 0.526195
-90.5 0.527496
-90.3 0.528215
-90.1 0.529239
-89.9 0.530208
-89.7 0.531177
-89.5 0.531868
-89.3 0.533197
-89.1 0.534221
-88.9 0.535106
-88.7 0.535909
-88.5 0.536905
-88.3 0.538068
-88.1 0.539064
-87.9 0.539977
-87.7 0.541333
-87.5 0.542579
-87.3 0.543354
-87.1 0.544433
-86.9 0.545512
-86.7 0.546675
-86.5 0.547616
-86.3 0.548529
-86.1 0.549498
-85.9 0.55066
-85.7 0.551795
-85.5 0.552791
-85.3 0.554036
-85.1 0.555116
-84.9 0.556084
-84.7 0.556915
-84.5 0.558548
-84.3 0.559738
-84.1 0.560734
-83.9 0.561703
-83.7 0.562837
-83.5 0.564027
-83.3 0.564968
-83.1 0.566103
-82.9 0.567099
-82.7 0.568151
-82.5 0.569009
-82.3 0.570061
-82.1 0.570974
-81.9 0.571998
-81.7 0.572828
-81.5 0.573714
-81.3 0.574599
-81.1 0.57543
-80.9 0.576896
-80.7 0.577644
-80.5 0.578612
-80.3 0.579609
-80.1 0.580799
-79.9 0.581795
-79.7 0.582681
-79.5 0.583649
-79.3 0.58459
-79.1 0.585393
-78.9 0.586528
-78.7 0.587745
-78.5 0.588493
-78.3 0.589406
-78.1 0.590208
-77.9 0.591094
-77.7 0.592173
-77.5 0.593225
-77.3 0.594332
-77.1 0.595467
-76.9 0.596629
-76.7 0.597542
-76.5 0.598732
-76.3 0.599701
-76.1 0.60103
-75.9 0.60197
-75.7 0.602828
-75.5 0.60388
-75.3 0.604876
-75.1 0.605734
-74.9 0.606592
-74.7 0.607589
-74.5 0.608419
-74.3 0.609443
-74.1 0.610439
-73.9 0.611353
-73.7 0.612293
-73.5 0.613567
-73.3 0.614563
-73.1 0.615698
-72.9 0.61686
-72.7 0.617718
-72.5 0.618825
-72.3 0.620098
-72.1 0.62115
-71.9 0.622201
-71.7 0.622976
-71.5 0.623834
-71.3 0.624803
-71.1 0.626159
-70.9 0.627294
-70.7 0.628235
-70.5 0.628982
-70.3 0.6302
-70.1 0.631279
-69.9 0.632137
-69.7 0.633299
-69.5 0.634462
-69.3 0.635928
-69.1 0.636925
-68.9 0.637976
-68.7 0.639139
-68.5 0.640301
-68.3 0.641353
-68.1 0.642626
-67.9 0.643428
-67.7 0.644508
-67.5 0.645476
-67.3 0.646473
-67.1 0.647275
-66.9 0.648244
-66.7 0.649019
-66.5 0.649877
-66.3 0.650984
-66.1 0.651925
-65.9 0.652783
-65.7 0.653973
-65.5 0.654997
-65.3 0.656021
-65.1 0.656823
-64.9 0.65818
-64.7 0.65948
-64.5 0.66067
-64.3 0.66186
-64.1 0.662525
-63.9 0.663604
-63.7 0.664849
-63.5 0.666205
-63.3 0.667008
-63.1 0.668087
-62.9 0.669222
-62.7 0.670246
-62.5 0.671298
-62.3 0.672128
-62.1 0.673152
-61.9 0.673955
-61.7 0.675006
-61.5 0.676086
-61.3 0.676888
-61.1 0.67758
-60.9 0.678355
-60.7 0.679268
-60.5 0.680126
-60.3 0.681289
-60.1 0.682396
-59.9 0.683475
-59.7 0.684471
-59.5 0.685661
-59.3 0.686851
-59.1 0.687765
-58.9 0.688567
-58.7 0.689453
-58.5 0.690532
-58.3 0.691501
-58.1 0.692414
-57.9 0.693244
-57.7 0.694213
-57.5 0.695016
-57.3 0.696067
-57.1 0.697257
-56.9 0.698226
-56.7 0.699361
-56.5 0.700274
-56.3 0.701547
-56.1 0.702294
-55.9 0.703457
-55.7 0.704342
-55.5 0.705228
-55.3 0.706169
-55.1 0.70711
-54.9 0.708106
-54.7 0.709158
-54.5 0.710154
-54.3 0.710763
-54.1 0.711898
-53.9 0.71259
-53.7 0.713641
-53.5 0.714582
-53.3 0.715689
-53.1 0.716962
-52.9 0.717654
-52.7 0.718263
-52.5 0.719342
-52.3 0.720173
-52.1 0.721224
-51.9 0.72247
-51.7 0.723328
-51.5 0.724241
-51.3 0.725099
-51.1 0.725985
-50.9 0.726843
-50.7 0.727562
-50.5 0.728448
-50.3 0.729416
-50.1 0.73044
-49.9 0.731381
-49.7 0.732184
-49.5 0.733374
-49.3 0.734177
-49.1 0.735505
-48.9 0.736418
-48.7 0.737442
-48.5 0.738688
-48.3 0.739629
-48.1 0.740597
-47.9 0.741427
-47.7 0.742645
-47.5 0.743531
-47.3 0.744472
-47.1 0.745385
-46.9 0.746464
-46.7 0.747378
-46.5 0.748208
-46.3 0.749094
-46.1 0.750062
-45.9 0.750865
-45.7 0.751944
-45.5 0.752858
-45.3 0.753743
-45.1 0.754822
-44.9 0.755597
-44.7 0.756621
-44.5 0.757313
-44.3 0.758116
-44.1 0.759112
-43.9 0.760192
-43.7 0.761049
-43.5 0.761963
-43.3 0.762959
-43.1 0.764011
-42.9 0.764979
-42.7 0.765837
-42.5 0.766944
-42.3 0.768024
-42.1 0.768992
-41.9 0.769712
-41.7 0.770376
-41.5 0.771013
-41.3 0.771649
-41.1 0.772618
-40.9 0.773642
-40.7 0.774306
-40.5 0.774887
-40.3 0.776022
-40.1 0.776852
-39.9 0.777904
-39.7 0.7789
-39.5 0.779537
-39.3 0.780229
-39.1 0.781253
-38.9 0.782111
-38.7 0.782913
-38.5 0.783854
-38.3 0.784601
-38.1 0.785293
-37.9 0.786068
-37.7 0.786898
-37.5 0.787756
-37.3 0.788642
-37.1 0.789555
-36.9 0.790718
-36.7 0.791465
-36.5 0.792267
-36.3 0.793153
-36.1 0.794177
-35.9 0.79509
-35.7 0.79581
-35.5 0.796613
-35.3 0.797747
-35.1 0.798716
-34.9 0.799629
-34.7 0.800515
-34.5 0.801262
-34.3 0.802092
-34.1 0.802923
-33.9 0.803891
-33.7 0.804777
-33.5 0.805773
-33.3 0.806548
-33.1 0.807185
-32.9 0.807959
-32.7 0.808679
-32.5 0.809592
-32.3 0.810423
-32.1 0.811668
-31.9 0.812471
-31.7 0.813218
-31.5 0.81391
-31.3 0.814491
-31.1 0.815072
-30.9 0.815819
-30.7 0.816345
-30.5 0.817258
-30.3 0.818006
-30.1 0.818725
-29.9 0.819528
-29.7 0.820386
-29.5 0.82105
-29.3 0.821797
-29.1 0.822655
-28.9 0.823458
-28.7 0.824067
-28.5 0.824842
-28.3 0.825727
-28.1 0.82653
-27.9 0.827526
-27.7 0.82819
-27.5 0.828965
-27.3 0.829823
-27.1 0.830653
-26.9 0.831179
-26.7 0.831899
-26.5 0.832674
-26.3 0.833255
-26.1 0.833864
-25.9 0.834473
-25.7 0.835109
-25.5 0.835829
-25.3 0.836797
-25.1 0.837489
-24.9 0.838209
-24.7 0.83915
-24.5 0.839731
-24.3 0.840285
-24.1 0.841115
-23.9 0.841917
-23.7 0.842831
-23.5 0.843467
-23.3 0.84438
-23.1 0.844934
-22.9 0.845598
-22.7 0.846345
-22.5 0.847176
-22.3 0.847895
-22.1 0.848504
-21.9 0.849196
-21.7 0.849888
-21.5 0.85069
-21.3 0.851327
-21.1 0.852074
-20.9 0.852988
-20.7 0.853513
-20.5 0.854344
-20.3 0.855478
-20.1 0.856226
-19.9 0.856973
-19.7 0.857582
-19.5 0.85844
-19.3 0.859215
-19.1 0.860017
-18.9 0.860709
-18.7 0.861235
-18.5 0.861927
-18.3 0.862591
-18.1 0.863311
-17.9 0.863892
-17.7 0.864805
-17.5 0.865276
-17.3 0.865912
-17.1 0.866659
-16.9 0.867351
-16.7 0.868098
-16.5 0.86879
-16.3 0.869565
-16.1 0.870285
-15.9 0.871004
-15.7 0.871669
-15.5 0.872277
-15.3 0.872942
-15.1 0.873717
-14.9 0.874381
-14.7 0.874879
-14.5 0.875543
-14.3 0.876346
-14.1 0.877093
-13.9 0.877619
-13.7 0.878228
-13.5 0.87892
-13.3 0.879445
-13.1 0.880027
-12.9 0.880525
-12.7 0.881189
-12.5 0.881853
-12.3 0.882434
-12.1 0.883099
-11.9 0.883707
-11.7 0.884372
-11.5 0.885036
-11.3 0.885728
-11.1 0.886281
-10.9 0.886807
-10.7 0.887554
-10.5 0.88808
-10.3 0.888523
-10.1 0.889298
-9.9 0.889962
-9.7 0.890654
-9.5 0.891346
-9.3 0.892204
-9.1 0.892785
-8.9 0.893366
-8.7 0.894113
-8.5 0.89475
-8.3 0.895497
-8.1 0.896078
-7.9 0.896743
-7.7 0.897268
-7.5 0.89796
-7.3 0.898625
-7.1 0.899206
-6.9 0.899981
-6.7 0.900645
-6.5 0.901364
-6.3 0.901835
-6.1 0.902278
-5.9 0.902804
-5.7 0.903468
-5.5 0.904326
-5.3 0.904824
-5.1 0.905405
-4.9 0.905931
-4.7 0.906346
-4.5 0.9069
-4.3 0.907508
-4.1 0.908007
-3.9 0.908864
-3.7 0.90939
-3.5 0.910027
-3.3 0.910691
-3.1 0.911328
-2.9 0.911826
-2.7 0.912767
-2.5 0.913431
-2.3 0.913874
-2.1 0.914344
-1.9 0.915119
-1.7 0.915811
-1.5 0.916365
-1.3 0.916946
-1.1 0.917721
-0.9 0.91844
-0.7 0.91916
-0.5 0.919852
-0.3 0.920571
-0.1 0.921152
0.1 0.921927
0.3 0.922592
0.5 0.923145
0.7 0.923754
0.9 0.92428
1.1 0.924806
1.3 0.925276
1.5 0.926023
1.7 0.926715
1.9 0.92713
2.1 0.927518
2.3 0.928044
2.5 0.928569
2.7 0.929178
2.9 0.929538
3.1 0.930147
3.3 0.930728
3.5 0.93142
3.7 0.931752
3.9 0.932361
4.1 0.932887
4.3 0.933717
4.5 0.934049
4.7 0.934547
4.9 0.934879
5.1 0.935433
5.3 0.935876
5.5 0.936374
5.7 0.937066
5.9 0.937647
6.1 0.938284
6.3 0.938975
6.5 0.939418
6.7 0.93975
6.9 0.940221
7.1 0.940608
7.3 0.940968
7.5 0.941715
7.7 0.942158
7.9 0.942518
8.1 0.942822
8.3 0.943237
8.5 0.943542
8.7 0.943846
8.9 0.944178
9.1 0.944594
9.3 0.944926
9.5 0.945313
9.7 0.945645
9.9 0.946033
10.1 0.946531
10.3 0.946835
10.5 0.947195
10.7 0.947444
10.9 0.947887
11.1 0.948524
11.3 0.948911
11.5 0.949326
11.7 0.949769
11.9 0.950267
12.1 0.950516
12.3 0.950765
12.5 0.951236
12.7 0.951402
12.9 0.951568
13.1 0.951817
13.3 0.95226
13.5 0.95273
13.7 0.953035
13.9 0.953505
14.1 0.953837
14.3 0.954252
14.5 0.954418
14.7 0.954723
14.9 0.954944
15.1 0.955332
15.3 0.955719
15.5 0.95583
15.7 0.956107
15.9 0.9563
16.1 0.956522
16.3 0.956688
16.5 0.956965
16.7 0.95738
16.9 0.957712
17.1 0.957989
17.3 0.958321
17.5 0.95857
17.7 0.95904
17.9 0.959262
18.1 0.959566
18.3 0.959787
18.5 0.960064
18.7 0.960203
18.9 0.960424
19.1 0.960701
19.3 0.96095
19.5 0.961254
19.7 0.961503
19.9 0.961808
20.1 0.96214
20.3 0.962306
20.5 0.9625
20.7 0.962583
20.9 0.962804
21.1 0.963053
21.3 0.963192
21.5 0.963385
21.7 0.963496
21.9 0.963662
22.1 0.9638
22.3 0.964022
22.5 0.964354
22.7 0.964603
22.9 0.964686
23.1 0.964852
23.3 0.964935
23.5 0.965156
23.7 0.965323
23.9 0.965461
24.1 0.965627
24.3 0.965904
24.5 0.966153
24.7 0.96643
24.9 0.966706
25.1 0.966872
25.3 0.967121
25.5 0.967343
25.7 0.967592
25.9 0.967758
26.1 0.967952
26.3 0.968256
26.5 0.968395
26.7 0.968616
26.9 0.968671
27.1 0.968865
27.3 0.969059
27.5 0.969363
27.7 0.969557
27.9 0.969695
28.1 0.969834
28.3 0.970055
28.5 0.970083
28.7 0.970193
28.9 0.970221
29.1 0.970387
29.3 0.970498
29.5 0.970719
29.7 0.971024
29.9 0.971328
30.1 0.971494
30.3 0.971743
30.5 0.971937
30.7 0.972158
30.9 0.972269
31.1 0.972463
31.3 0.972601
31.5 0.97285
31.7 0.972989
31.9 0.973155
32.1 0.973293
32.3 0.973404
32.5 0.973459
32.7 0.973542
32.9 0.973708
33.1 0.973819
33.3 0.973902
33.5 0.974123
33.7 0.974206
33.9 0.974372
34.1 0.974483
34.3 0.974622
34.5 0.974705
34.7 0.974788
34.9 0.974898
35.1 0.975064
35.3 0.97512
35.5 0.975175
35.7 0.975286
35.9 0.975313
36.1 0.975452
36.3 0.975507
36.5 0.975646
36.7 0.975812
36.9 0.975922
37.1 0.975978
37.3 0.976171
37.5 0.976254
37.7 0.976337
37.9 0.976614
38.1 0.976753
38.3 0.976919
38.5 0.977085
38.7 0.977223
38.9 0.977527
39.1 0.97761
39.3 0.977693
39.5 0.977887
39.7 0.978081
39.9 0.978275
40.1 0.978441
40.3 0.978607
40.5 0.978773
40.7 0.978884
40.9 0.978994
41.1 0.979105
41.3 0.979188
41.5 0.979382
41.7 0.979575
41.9 0.979769
42.1 0.97988
42.3 0.980046
42.5 0.980212
42.7 0.980323
42.9 0.980406
43.1 0.980516
43.3 0.980599
43.5 0.980682
43.7 0.980849
43.9 0.980932
44.1 0.981042
44.3 0.981264
44.5 0.981319
44.7 0.98143
44.9 0.981513
45.1 0.981762
45.3 0.981872
45.5 0.981983
45.7 0.981983
45.9 0.982205
46.1 0.982232
46.3 0.982288
46.5 0.982343
46.7 0.982398
46.9 0.982454
47.1 0.982592
47.3 0.982675
47.5 0.982703
47.7 0.982869
47.9 0.982952
48.1 0.98309
48.3 0.983118
48.5 0.983229
48.7 0.983339
48.9 0.983505
49.1 0.983505
49.3 0.983644
49.5 0.983754
49.7 0.983837
49.9 0.983921
50.1 0.984004
50.3 0.984059
50.5 0.98417
50.7 0.984336
50.9 0.984446
51.1 0.984612
51.3 0.984723
51.5 0.984778
51.7 0.984889
51.9 0.984945
52.1 0.984972
52.3 0.985083
52.5 0.985166
52.7 0.985332
52.9 0.985415
53.1 0.985581
53.3 0.985719
53.5 0.985775
53.7 0.985886
53.9 0.985996
54.1 0.986079
54.3 0.986273
54.5 0.986328
54.7 0.986467
54.9 0.986494
55.1 0.986577
55.3 0.986716
55.5 0.986799
55.7 0.986826
55.9 0.986992
56.1 0.987076
56.3 0.987214
56.5 0.987269
56.7 0.987435
56.9 0.987491
57.1 0.987546
57.3 0.987601
57.5 0.987629
57.7 0.987657
57.9 0.987767
58.1 0.987878
58.3 0.988044
58.5 0.988127
58.7 0.988183
58.9 0.988293
59.1 0.988404
59.3 0.988432
59.5 0.988515
59.7 0.98857
59.9 0.98857
60.1 0.988653
60.3 0.988681
60.5 0.988764
60.7 0.988874
60.9 0.98893
61.1 0.988957
61.3 0.989013
61.5 0.989096
61.7 0.989124
61.9 0.989207
62.1 0.989234
62.3 0.989317
62.5 0.9894
62.7 0.989483
62.9 0.989566
63.1 0.989677
63.3 0.989732
63.5 0.989788
63.7 0.989843
63.9 0.989954
64.1 0.990148
64.3 0.990203
64.5 0.990286
64.7 0.990397
64.9 0.990507
65.1 0.99059
65.3 0.990673
65.5 0.990729
65.7 0.990756
65.9 0.990812
66.1 0.990839
66.3 0.990922
66.5 0.99095
66.7 0.99095
66.9 0.991005
67.1 0.991005
67.3 0.991033
67.5 0.991061
67.7 0.991171
67.9 0.991227
68.1 0.991282
68.3 0.991421
68.5 0.991476
68.7 0.991587
68.9 0.991642
69.1 0.991808
69.3 0.991891
69.5 0.991919
69.7 0.991946
69.9 0.991974
70.1 0.992002
70.3 0.992057
70.5 0.992085
70.7 0.992168
70.9 0.992251
71.1 0.992306
71.3 0.992334
71.5 0.992389
71.7 0.9925
71.9 0.992638
72.1 0.992694
72.3 0.992721
72.5 0.992832
72.7 0.99286
72.9 0.992915
73.1 0.992915
73.3 0.992943
73.5 0.993109
73.7 0.993192
73.9 0.993247
74.1 0.993303
74.3 0.993469
74.5 0.993552
74.7 0.99369
74.9 0.993718
75.1 0.993773
75.3 0.993884
75.5 0.993967
75.7 0.993967
75.9 0.99405
76.1 0.994133
76.3 0.994133
76.5 0.99416
76.7 0.994244
76.9 0.994327
77.1 0.994382
77.3 0.99441
77.5 0.994493
77.7 0.994548
77.9 0.994603
78.1 0.994686
78.3 0.994825
78.5 0.994908
78.7 0.994935
78.9 0.995046
79.1 0.995046
79.3 0.995157
79.5 0.995268
79.7 0.995378
79.9 0.995434
80.1 0.995434
80.3 0.995517
80.5 0.9956
80.7 0.995766
80.9 0.995876
81.1 0.995876
81.3 0.995876
81.5 0.995987
81.7 0.996015
81.9 0.996098
82.1 0.996153
82.3 0.996208
82.5 0.996264
82.7 0.996402
82.9 0.996485
83.1 0.996596
83.3 0.996624
83.5 0.996707
83.7 0.996762
83.9 0.996817
84.1 0.996845
84.3 0.996845
84.5 0.996845
84.7 0.996956
84.9 0.997011
85.1 0.997066
85.3 0.997122
85.5 0.997232
85.7 0.997315
85.9 0.997371
86.1 0.997398
86.3 0.997398
86.5 0.997426
86.7 0.997454
86.9 0.997482
87.1 0.997537
87.3 0.997537
87.5 0.99762
87.7 0.997758
87.9 0.997758
88.1 0.997758
88.3 0.997758
88.5 0.997841
88.7 0.997841
88.9 0.997897
89.1 0.997897
89.3 0.997924
89.5 0.998035
89.7 0.998063
89.9 0.998118
90.1 0.998173
90.3 0.998256
90.5 0.998312
90.7 0.998367
90.9 0.998367
91.1 0.998423
91.3 0.998478
91.5 0.998561
91.7 0.998561
91.9 0.998589
92.1 0.998589
92.3 0.998644
92.5 0.998672
92.7 0.998672
92.9 0.998699
93.1 0.998727
93.3 0.998838
93.5 0.998838
93.7 0.998893
93.9 0.998893
94.1 0.998976
94.3 0.999004
94.5 0.999031
94.7 0.999059
94.9 0.999087
95.1 0.999114
95.3 0.999142
95.5 0.999142
95.7 0.99917
95.9 0.99917
96.1 0.99917
96.3 0.999225
96.5 0.999308
96.7 0.999336
96.9 0.999336
97.1 0.999391
97.3 0.999447
97.5 0.99953
97.7 0.99953
97.9 0.99953
98.1 0.99953
98.3 0.99953
98.5 0.999613
98.7 0.999696
98.9 0.999751
99.1 0.999751
99.3 0.999806
99.5 0.999834
99.7 0.999862
99.9 0.999917
100.1 0.999945
100.3 0.999972
100.5 0.999972
100.7 0.999972
