1592
-220.7 5.09269e-05
-220.5 0.000178244
-220.3 0.000254634
-220.1 0.000305561
-219.9 0.000331025
-219.7 0.000356488
-219.5 0.000483805
-219.3 0.000585659
-219.1 0.000763903
-218.9 0.00081483
-218.7 0.000865757
-218.5 0.00089122
-218.3 0.000942147
-218.1 0.000942147
-217.9 0.00101854
-217.7 0.00106946
-217.5 0.00114585
-217.3 0.00117132
-217.1 0.00122224
-216.9 0.0013241
-216.7 0.00140049
-216.5 0.00147688
-216.3 0.00152781
-216.1 0.00152781
-215.9 0.00152781
-215.7 0.00155327
-215.5 0.00157873
-215.3 0.00165512
-215.1 0.00173151
-214.9 0.00188429
-214.7 0.00201161
-214.5 0.00216439
-214.3 0.00224078
-214.1 0.00231717
-213.9 0.00244449
-213.7 0.00249542
-213.5 0.00257181
-213.3 0.0026482
-213.1 0.00280098
-212.9 0.00287737
-212.7 0.00287737
-212.5 0.00297922
-212.3 0.00308108
-212.1 0.00328478
-211.9 0.00328478
-211.7 0.00338664
-211.5 0.00343756
-211.3 0.00353942
-211.1 0.00359034
-210.9 0.00366673
-210.7 0.00381952
-210.5 0.0039723
-210.3 0.00404869
-210.1 0.00415054
-209.9 0.00420147
-209.7 0.00432878
-209.5 0.00435425
-209.3 0.0044561
-209.1 0.00450703
-208.9 0.00465981
-208.7 0.00468527
-208.5 0.00478713
-208.3 0.00486352
-208.1 0.0050163
-207.9 0.00504176
-207.7 0.00509269
-207.5 0.00511815
-207.3 0.00514361
-207.1 0.00527093
-206.9 0.00542371
-206.7 0.00542371
-206.5 0.00555103
-206.3 0.00567835
-206.1 0.00583113
-205.9 0.00585659
-205.7 0.00600937
-205.5 0.00618761
-205.3 0.006264
-205.1 0.00641679
-204.9 0.00667142
-204.7 0.00687513
-204.5 0.00707883
-204.3 0.00718069
-204.1 0.00735893
-203.9 0.00740986
-203.7 0.00756264
-203.5 0.00774088
-203.3 0.00784274
-203.1 0.00797005
-202.9 0.00809737
-202.7 0.00827562
-202.5 0.0084284
-202.3 0.00850479
-202.1 0.00860664
-201.9 0.00888674
-201.7 0.00909045
-201.5 0.00924323
-201.3 0.00944693
-201.1 0.00965064
-200.9 0.00982889
-200.7 0.00990528
-200.5 0.0101344
-200.3 0.0102872
-200.1 0.01044
-199.9 0.0105673
-199.7 0.010771
-199.5 0.0110257
-199.3 0.0111784
-199.1 0.0113822
-198.9 0.0117386
-198.7 0.0119424
-198.5 0.0121206
-198.3 0.0123752
-198.1 0.0126044
-197.9 0.0127063
-197.7 0.01291
-197.5 0.0132155
-197.3 0.0135211
-197.1 0.0137757
-196.9 0.013954
-196.7 0.0142341
-196.5 0.0145651
-196.3 0.0148197
-196.1 0.0150744
-195.9 0.0154054
-195.7 0.0157364
-195.5 0.0159656
-195.3 0.0162711
-195.1 0.0167549
-194.9 0.017035
-194.7 0.0172897
-194.5 0.0176971
-194.3 0.0180026
-194.1 0.0183337
-193.9 0.0186647
-193.7 0.0192249
-193.5 0.0195305
-193.3 0.0199888
-193.1 0.0204217
-192.9 0.0208291
-192.7 0.021262
-192.5 0.0217967
-192.3 0.0223824
-192.1 0.0230189
-191.9 0.0234009
-191.7 0.0239102
-191.5 0.0244194
-191.3 0.0250051
-191.1 0.0253361
-190.9 0.0259727
-190.7 0.0263547
-190.5 0.0270931
-190.3 0.0278825
-190.1 0.0285954
-189.9 0.0292575
-189.7 0.0300978
-189.5 0.0308617
-189.3 0.03132
-189.1 0.0319057
-188.9 0.0326441
-188.7 0.0331279
-188.5 0.0338154
-188.3 0.0346303
-188.1 0.0354196
-187.9 0.0363109
-187.7 0.0370748
-187.5 0.0380169
-187.3 0.0388827
-187.1 0.0398248
-186.9 0.0409452
-186.7 0.0419383
-186.5 0.0427786
-186.3 0.0435679
-186.1 0.0445101
-185.9 0.0454013
-185.7 0.0458596
-185.5 0.0468782
-185.3 0.0479476
-185.1 0.0490171
-184.9 0.0498574
-184.7 0.0506977
-184.5 0.0515889
-184.3 0.0525056
-184.1 0.0534987
-183.9 0.0543135
-183.7 0.0556376
-183.5 0.0567071
-183.3 0.0576238
-183.1 0.0588969
-182.9 0.0597627
-182.7 0.0606539
-182.5 0.0619525
-182.3 0.0630729
-182.1 0.0644225
-181.9 0.065492
-181.7 0.0666633
-181.5 0.0680383
-181.3 0.0691332
-181.1 0.0703045
-180.9 0.0712721
-180.7 0.0722907
-180.5 0.073131
-180.3 0.0746843
-180.1 0.0755245
-179.9 0.076925
-179.7 0.0781982
-179.5 0.0796242
-179.3 0.0808973
-179.1 0.0822724
-178.9 0.0837747
-178.7 0.0851243
-178.5 0.0862192
-178.3 0.0875942
-178.1 0.0889438
-177.9 0.0904461
-177.7 0.091592
-177.5 0.0924832
-177.3 0.0938328
-177.1 0.0952842
-176.9 0.0966337
-176.7 0.0983143
-176.5 0.0996384
-176.3 0.100963
-176.1 0.102388
-175.9 0.103611
-175.7 0.104706
-175.5 0.106183
-175.3 0.10743
-175.1 0.108678
-174.9 0.110231
-174.7 0.111403
-174.5 0.112854
-174.3 0.114484
-174.1 0.115604
-173.9 0.117336
-173.7 0.11894
-173.5 0.120238
-173.3 0.121817
-173.1 0.123065
-172.9 0.124618
-172.7 0.125917
-172.5 0.127343
-172.3 0.128667
-172.1 0.129864
-171.9 0.131188
-171.7 0.132639
-171.5 0.134014
-171.3 0.135516
-171.1 0.136713
-170.9 0.138012
-170.7 0.139769
-170.5 0.141169
-170.3 0.142341
-170.1 0.143436
-169.9 0.145142
-169.7 0.14644
-169.5 0.147535
-169.3 0.149088
-169.1 0.15054
-168.9 0.151762
-168.7 0.152984
-168.5 0.154232
-168.3 0.155785
-168.1 0.157033
-167.9 0.158179
-167.7 0.159605
-167.5 0.160878
-167.3 0.161871
-167.1 0.162915
-166.9 0.163985
-166.7 0.165079
-166.5 0.166073
-166.3 0.167193
-166.1 0.168721
-165.9 0.169968
-165.7 0.171369
-165.5 0.17254
-165.3 0.173762
-165.1 0.174857
-164.9 0.17608
-164.7 0.1772
-164.5 0.178422
-164.3 0.179543
-164.1 0.180612
-163.9 0.181707
-163.7 0.182726
-163.5 0.183948
-163.3 0.185348
-163.1 0.186367
-162.9 0.187309
-162.7 0.188404
-162.5 0.189626
-162.3 0.190492
-162.1 0.191561
-161.9 0.192351
-161.7 0.193217
-161.5 0.194592
-161.3 0.195585
-161.1 0.196985
-160.9 0.198182
-160.7 0.199379
-160.5 0.200779
-160.3 0.202001
-160.1 0.203173
-159.9 0.204344
-159.7 0.205439
-159.5 0.20661
-159.3 0.207527
-159.1 0.208724
-158.9 0.209921
-158.7 0.21099
-158.5 0.212212
-158.3 0.213129
-158.1 0.214402
-157.9 0.215446
-157.7 0.216694
-157.5 0.217763
-157.3 0.218935
-157.1 0.219953
-156.9 0.220921
-156.7 0.222118
-156.5 0.223416
-156.3 0.224486
-156.1 0.225326
-155.9 0.226395
-155.7 0.227516
-155.5 0.228356
-155.3 0.229375
-155.1 0.230266
-154.9 0.23159
-154.7 0.232379
-154.5 0.233245
-154.3 0.234085
-154.1 0.234875
-153.9 0.236021
-153.7 0.237014
-153.5 0.237803
-153.3 0.239229
-153.1 0.240222
-152.9 0.24147
-152.7 0.242717
-152.5 0.243532
-152.3 0.244755
-152.1 0.245773
-151.9 0.246817
-151.7 0.247937
-151.5 0.248854
-151.3 0.249873
-151.1 0.250866
-150.9 0.251961
-150.7 0.25275
-150.5 0.253845
-150.3 0.254762
-150.1 0.255806
-149.9 0.256646
-149.7 0.258021
-149.5 0.259294
-149.3 0.260491
-149.1 0.261586
-148.9 0.262884
-148.7 0.263827
-148.5 0.264871
-148.3 0.265558
-148.1 0.266373
-147.9 0.26729
-147.7 0.26841
-147.5 0.269607
-147.3 0.270753
-147.1 0.271593
-146.9 0.272459
-146.7 0.273528
-146.5 0.274547
-146.3 0.275412
-146.1 0.276457
-145.9 0.277348
-145.7 0.278443
-145.5 0.279538
-145.3 0.280785
-145.1 0.281677
-144.9 0.28267
-144.7 0.283815
-144.5 0.284809
-144.3 0.285853
-144.1 0.286769
-143.9 0.287864
-143.7 0.288781
-143.5 0.289545
-143.3 0.290665
-143.1 0.291658
-142.9 0.292448
-142.7 0.293339
-142.5 0.294128
-142.3 0.295121
-142.1 0.296063
-141.9 0.297184
-141.7 0.298584
-141.5 0.29973
-141.3 0.300672
-141.1 0.301563
-140.9 0.302531
-140.7 0.303473
-140.5 0.304543
-140.3 0.305536
-140.1 0.306554
-139.9 0.307573
-139.7 0.30854
-139.5 0.309584
-139.3 0.310374
-139.1 0.311367
-138.9 0.312411
-138.7 0.313328
-138.5 0.314295
-138.3 0.315186
-138.1 0.316332
-137.9 0.317376
-137.7 0.318267
-137.5 0.31921
-137.3 0.320126
-137.1 0.321094
-136.9 0.32224
-136.7 0.323106
-136.5 0.324277
-136.3 0.325346
-136.1 0.325983
-135.9 0.326925
-135.7 0.327893
-135.5 0.328784
-135.3 0.329853
-135.1 0.330872
-134.9 0.332018
-134.7 0.332654
-134.5 0.333495
-134.3 0.334615
-134.1 0.335659
-133.9 0.336856
-133.7 0.338053
-133.5 0.339198
-133.3 0.340242
-133.1 0.341414
-132.9 0.342407
-132.7 0.343451
-132.5 0.344622
-132.3 0.345564
-132.1 0.347016
-131.9 0.348034
-131.7 0.349027
-131.5 0.350046
-131.3 0.350912
-131.1 0.351803
-130.9 0.352516
-130.7 0.353687
-130.5 0.354655
-130.3 0.355699
-130.1 0.356514
-129.9 0.357176
-129.7 0.358576
-129.5 0.359391
-129.3 0.360104
-129.1 0.36097
-128.9 0.362014
-128.7 0.362879
-128.5 0.364076
-128.3 0.36484
-128.1 0.366037
-127.9 0.36703
-127.7 0.367768
-127.5 0.368711
-127.3 0.369551
-127.1 0.370595
-126.9 0.37141
-126.7 0.37225
-126.5 0.373167
-126.3 0.373981
-126.1 0.37528
-125.9 0.376222
-125.7 0.377444
-125.5 0.378157
-125.3 0.379049
-125.1 0.380169
-124.9 0.381035
-124.7 0.382155
-124.5 0.383174
-124.3 0.384141
-124.1 0.384905
-123.9 0.385695
-123.7 0.386815
-123.5 0.387681
-123.3 0.388572
-123.1 0.389616
-122.9 0.390482
-122.7 0.3915
-122.5 0.392442
-122.3 0.393436
-122.1 0.394225
-121.9 0.395243
-121.7 0.396186
-121.5 0.397077
-121.3 0.397866
-121.1 0.398554
-120.9 0.399445
-120.7 0.400642
-120.5 0.401406
-120.3 0.402195
-120.1 0.403112
-119.9 0.403952
-119.7 0.404843
-119.5 0.406014
-119.3 0.406804
-119.1 0.407771
-118.9 0.408815
-118.7 0.409656
-118.5 0.410623
-118.3 0.411744
-118.1 0.412635
-117.9 0.413959
-117.7 0.41513
-117.5 0.416073
-117.3 0.416811
-117.1 0.417906
-116.9 0.418542
-116.7 0.419332
-116.5 0.420249
-116.3 0.421165
-116.1 0.42198
-115.9 0.42333
-115.7 0.424272
-115.5 0.425596
-115.3 0.426309
-115.1 0.427531
-114.9 0.428575
-114.7 0.429441
-114.5 0.430536
-114.3 0.431351
-114.1 0.432369
-113.9 0.433719
-113.7 0.434635
-113.5 0.435832
-113.3 0.4368
-113.1 0.437538
-112.9 0.43848
-112.7 0.439142
-112.5 0.440161
-112.3 0.441409
-112.1 0.44202
-111.9 0.443318
-111.7 0.444515
-111.5 0.445305
-111.3 0.44617
-111.1 0.44724
-110.9 0.44808
-110.7 0.448946
-110.5 0.449863
-110.3 0.450652
-110.1 0.451441
-109.9 0.452434
-109.7 0.453275
-109.5 0.45414
-109.3 0.455133
-109.1 0.45605
-108.9 0.457196
-108.7 0.457985
-108.5 0.458775
-108.3 0.45959
-108.1 0.460506
-107.9 0.461347
-107.7 0.462187
-107.5 0.463154
-107.3 0.464275
-107.1 0.465293
-106.9 0.466388
-106.7 0.467305
-106.5 0.468145
-106.3 0.469215
-106.1 0.470233
-105.9 0.471048
-105.7 0.471965
-105.5 0.472805
-105.3 0.473645
-105.1 0.474435
-104.9 0.475555
-104.7 0.476395
-104.5 0.477516
-104.3 0.478254
-104.1 0.479476
-103.9 0.480622
-103.7 0.481768
-103.5 0.482736
-103.3 0.483652
-103.1 0.484544
-102.9 0.485486
-102.7 0.486555
-102.5 0.487828
-102.3 0.488822
-102.1 0.489916
-101.9 0.490833
-101.7 0.491648
-101.5 0.492794
-101.3 0.493354
-101.1 0.494042
-100.9 0.494984
-100.7 0.496028
-100.5 0.497097
-100.3 0.498294
-100.1 0.499236
-99.9 0.499898
-99.7 0.50084
-99.5 0.5014
-99.3 0.502343
-99.1 0.503438
-98.9 0.504278
-98.7 0.505093
-98.5 0.506086
-98.3 0.507002
-98.1 0.508046
-97.9 0.508938
-97.7 0.50988
-97.5 0.510975
-97.3 0.511993
-97.1 0.513165
-96.9 0.514132
-96.7 0.5151
-96.5 0.516144
-96.3 0.517137
-96.1 0.51813
-95.9 0.519098
-95.7 0.520193
-95.5 0.521109
-95.3 0.521797
-95.1 0.522688
-94.9 0.523579
-94.7 0.52447
-94.5 0.525081
-94.3 0.526024
-94.1 0.527068
-93.9 0.527882
-93.7 0.528595
-93.5 0.529639
-93.3 0.530582
-93.1 0.531447
-92.9 0.532313
-92.7 0.533052
-92.5 0.533841
-92.3 0.534834
-92.1 0.535776
-91.9 0.536718
-91.7 0.538068
-91.5 0.539112
-91.3 0.540207
-91.1 0.541302
-90.9 0.542269
-90.7 0.542982
-90.5 0.544357
-90.3 0.545554
-90.1 0.546471
-89.9 0.547668
-89.7 0.548661
-89.5 0.549501
-89.3 0.550596
-89.1 0.55164
-88.9 0.552531
-88.7 0.553422
-88.5 0.554339
-88.3 0.55551
-88.1 0.556783
-87.9 0.557624
-87.7 0.558846
-87.5 0.559865
-87.3 0.561061
-87.1 0.562182
-86.9 0.563226
-86.7 0.564219
-86.5 0.565212
-86.3 0.566154
-86.1 0.56702
-85.9 0.567936
-85.7 0.569337
-85.5 0.570737
-85.3 0.571705
-85.1 0.5728
-84.9 0.573793
-84.7 0.574684
-84.5 0.575525
-84.3 0.576543
-84.1 0.57746
-83.9 0.578504
-83.7 0.57937
-83.5 0.580337
-83.3 0.581458
-83.1 0.582527
-82.9 0.583596
-82.7 0.584539
-82.5 0.58543
-82.3 0.586423
-82.1 0.587696
-81.9 0.58874
-81.7 0.589529
-81.5 0.590675
-81.3 0.591465
-81.1 0.592432
-80.9 0.593629
-80.7 0.594495
-80.5 0.595131
-80.3 0.59615
-80.1 0.597194
-79.9 0.598238
-79.7 0.599333
-79.5 0.60053
-79.3 0.601472
-79.1 0.602185
-78.9 0.603025
-78.7 0.604018
-78.5 0.605444
-78.3 0.606335
-78.1 0.607608
-77.9 0.608474
-77.7 0.609289
-77.5 0.610206
-77.3 0.61097
-77.1 0.612039
-76.9 0.613109
-76.7 0.613771
-76.5 0.614713
-76.3 0.615502
-76.1 0.616648
-75.9 0.61759
-75.7 0.618405
-75.5 0.619551
-75.3 0.620289
-75.1 0.621384
-74.9 0.622225
-74.7 0.623116
-74.5 0.623956
-74.3 0.624873
-74.1 0.625815
-73.9 0.626706
-73.7 0.627674
-73.5 0.628769
-73.3 0.629787
-73.1 0.630755
-72.9 0.631748
-72.7 0.632843
-72.5 0.633912
-72.3 0.63488
-72.1 0.635491
-71.9 0.63628
-71.7 0.637121
-71.5 0.638241
-71.3 0.639285
-71.1 0.640023
-70.9 0.641169
-70.7 0.642035
-70.5 0.642875
-70.3 0.643919
-70.1 0.644811
-69.9 0.645753
-69.7 0.646618
-69.5 0.647637
-69.3 0.648503
-69.1 0.649496
-68.9 0.650489
-68.7 0.651609
-68.5 0.652526
-68.3 0.653494
-68.1 0.654283
-67.9 0.655047
-67.7 0.656218
-67.5 0.657008
-67.3 0.657568
-67.1 0.658484
-66.9 0.659783
-66.7 0.660572
-66.5 0.661489
-66.3 0.662431
-66.1 0.663424
-65.9 0.664723
-65.7 0.665665
-65.5 0.666582
-65.3 0.667524
-65.1 0.668721
-64.9 0.669714
-64.7 0.670732
-64.5 0.671547
-64.3 0.672464
-64.1 0.673431
-63.9 0.674119
-63.7 0.675061
-63.5 0.675774
-63.3 0.676665
-63.1 0.677531
-62.9 0.678575
-62.7 0.679746
-62.5 0.680714
-62.3 0.68186
-62.1 0.682853
-61.9 0.68405
-61.7 0.684788
-61.5 0.685654
-61.3 0.686545
-61.1 0.687767
-60.9 0.688557
-60.7 0.689677
-60.5 0.69039
-60.3 0.691561
-60.1 0.692402
-59.9 0.693013
-59.7 0.694184
-59.5 0.695101
-59.3 0.696018
-59.1 0.697112
-58.9 0.697724
-58.7 0.698564
-58.5 0.699684
-58.3 0.70055
-58.1 0.70139
-57.9 0.702256
-57.7 0.703147
-57.5 0.704471
-57.3 0.705286
-57.1 0.706254
-56.9 0.707145
-56.7 0.708011
-56.5 0.70908
-56.3 0.710099
-56.1 0.711143
-55.9 0.711958
-55.7 0.7129
-55.5 0.713867
-55.3 0.714962
-55.1 0.715675
-54.9 0.716541
-54.7 0.717509
-54.5 0.718349
-54.3 0.719164
-54.1 0.72008
-53.9 0.721074
-53.7 0.721837
-53.5 0.722601
-53.3 0.723442
-53.1 0.724256
-52.9 0.725148
-52.7 0.726039
-52.5 0.727083
-52.3 0.728051
-52.1 0.728942
-51.9 0.730037
-51.7 0.731259
-51.5 0.732328
-51.3 0.733143
-51.1 0.733958
-50.9 0.734824
-50.7 0.735562
-50.5 0.736122
-50.3 0.736988
-50.1 0.737981
-49.9 0.739127
-49.7 0.740069
-49.5 0.741215
-49.3 0.742081
-49.1 0.743227
-48.9 0.7445
-48.7 0.745646
-48.5 0.746537
-48.3 0.747479
-48.1 0.748498
-47.9 0.749236
-47.7 0.750331
-47.5 0.751299
-47.3 0.752215
-47.1 0.753183
-46.9 0.753998
-46.7 0.755042
-46.5 0.756137
-46.3 0.756952
-46.1 0.757817
-45.9 0.758887
-45.7 0.759931
-45.5 0.760822
-45.3 0.761764
-45.1 0.762681
-44.9 0.763572
-44.7 0.76426
-44.5 0.765023
-44.3 0.766042
-44.1 0.767162
-43.9 0.768232
-43.7 0.76925
-43.5 0.77004
-43.3 0.77088
-43.1 0.772306
-42.9 0.773172
-42.7 0.774114
-42.5 0.775183
-42.3 0.775998
-42.1 0.77694
-41.9 0.778163
-41.7 0.779079
-41.5 0.780225
-41.3 0.781065
-41.1 0.782135
-40.9 0.782975
-40.7 0.783917
-40.5 0.784859
-40.3 0.785623
-40.1 0.786362
-39.9 0.786947
-39.7 0.787915
-39.5 0.78873
-39.3 0.789697
-39.1 0.790767
-38.9 0.791811
-38.7 0.792626
-38.5 0.793593
-38.3 0.794434
-38.1 0.795401
-37.9 0.796089
-37.7 0.796955
-37.5 0.797948
-37.3 0.798661
-37.1 0.799374
-36.9 0.80029
-36.7 0.801462
-36.5 0.802073
-36.3 0.802989
-36.1 0.803626
-35.9 0.804339
-35.7 0.80551
-35.5 0.806376
-35.3 0.807089
-35.1 0.808082
-34.9 0.809126
-34.7 0.809941
-34.5 0.810705
-34.3 0.811443
-34.1 0.81236
-33.9 0.813098
-33.7 0.813862
-33.5 0.814473
-33.3 0.815288
-33.1 0.816307
-32.9 0.816765
-32.7 0.817631
-32.5 0.818395
-32.3 0.819184
-32.1 0.82005
-31.9 0.820763
-31.7 0.821629
-31.5 0.822596
-31.3 0.823411
-31.1 0.823844
-30.9 0.824531
-30.7 0.825244
-30.5 0.826161
-30.3 0.826849
-30.1 0.827536
-29.9 0.828275
-29.7 0.829039
-29.5 0.829853
-29.3 0.830821
-29.1 0.83161
-28.9 0.832476
-28.7 0.833113
-28.5 0.833927
-28.3 0.834615
-28.1 0.835684
-27.9 0.836576
-27.7 0.837238
-27.5 0.837925
-27.3 0.83902
-27.1 0.839784
-26.9 0.840472
-26.7 0.841083
-26.5 0.841847
-26.3 0.842585
-26.1 0.843476
-25.9 0.844368
-25.7 0.845004
-25.5 0.845488
-25.3 0.84643
-25.1 0.847041
-24.9 0.847831
-24.7 0.848824
-24.5 0.849638
-24.3 0.850326
-24.1 0.850988
-23.9 0.851701
-23.7 0.852414
-23.5 0.853101
-23.3 0.853713
-23.1 0.854451
-22.9 0.855139
-22.7 0.855851
-22.5 0.856437
-22.3 0.857507
-22.1 0.858118
-21.9 0.858805
-21.7 0.859569
-21.5 0.860155
-21.3 0.86097
-21.1 0.861657
-20.9 0.862294
-20.7 0.862879
-20.5 0.863643
-20.3 0.86456
-20.1 0.865095
-19.9 0.865553
-19.7 0.86647
-19.5 0.866979
-19.3 0.867692
-19.1 0.868532
-18.9 0.869067
-18.7 0.869653
-18.5 0.870391
-18.3 0.871053
-18.1 0.871537
-17.9 0.872225
-17.7 0.872785
-17.5 0.873498
-17.3 0.874312
-17.1 0.874949
-16.9 0.875407
-16.7 0.875917
-16.5 0.876451
-16.3 0.877241
-16.1 0.878081
-15.9 0.878794
-15.7 0.879583
-15.5 0.88022
-15.3 0.880882
-15.1 0.881417
-14.9 0.881926
-14.7 0.882741
-14.5 0.883377
-14.3 0.88409
-14.1 0.884854
-13.9 0.885287
-13.7 0.886077
-13.5 0.886891
-13.3 0.887528
-13.1 0.888114
-12.9 0.888801
-12.7 0.88954
-12.5 0.890482
-12.3 0.890915
-12.1 0.891348
-11.9 0.891857
-11.7 0.892417
-11.5 0.893028
-11.3 0.893614
-11.1 0.894047
-10.9 0.89448
-10.7 0.895091
-10.5 0.895778
-10.3 0.896236
-10.1 0.896949
-9.9 0.897382
-9.7 0.898146
-9.5 0.898961
-9.3 0.899725
-9.1 0.900183
-8.9 0.900693
-8.7 0.901151
-8.5 0.90194
-8.3 0.902501
-8.1 0.903214
-7.9 0.904079
-7.7 0.904461
-7.5 0.9052
-7.3 0.905811
-7.1 0.906295
-6.9 0.906778
-6.7 0.907491
-6.5 0.908052
-6.3 0.908535
-6.1 0.909197
-5.9 0.909987
-5.7 0.910623
-5.5 0.911158
-5.3 0.911693
-5.1 0.912126
-4.9 0.912864
-4.7 0.913424
-4.5 0.913832
-4.3 0.914392
-4.1 0.914952
-3.9 0.915538
-3.7 0.916047
-3.5 0.916505
-3.3 0.91704
-3.1 0.917651
-2.9 0.917957
-2.7 0.918415
-2.5 0.919179
-2.3 0.919892
-2.1 0.920325
-1.9 0.920809
-1.7 0.921471
-1.5 0.922107
-1.3 0.922871
-1.1 0.923406
-0.9 0.924093
-0.7 0.924654
-0.5 0.925138
-0.3 0.925698
-0.1 0.926029
0.1 0.926309
0.3 0.926818
0.5 0.927353
0.7 0.927862
0.9 0.92832
1.1 0.928601
1.3 0.928982
1.5 0.929517
1.7 0.929823
1.9 0.93023
2.1 0.930612
2.3 0.930969
2.5 0.931554
2.7 0.93214
2.9 0.932598
3.1 0.932955
3.3 0.93349
3.5 0.933871
3.7 0.934559
3.9 0.935119
4.1 0.935476
4.3 0.935781
4.5 0.936138
4.7 0.936749
4.9 0.937309
5.1 0.937742
5.3 0.938098
5.5 0.938608
5.7 0.938888
5.9 0.939244
6.1 0.939754
6.3 0.940237
6.5 0.940747
6.7 0.941078
6.9 0.94151
7.1 0.941842
7.3 0.942096
7.5 0.94258
7.7 0.943013
7.9 0.943267
8.1 0.943548
8.3 0.944006
8.5 0.944311
8.7 0.94477
8.9 0.94505
9.1 0.945457
9.3 0.945712
9.5 0.946068
9.7 0.946629
9.9 0.946909
10.1 0.947342
10.3 0.947622
10.5 0.947902
10.7 0.947978
10.9 0.948411
11.1 0.948742
11.3 0.948971
11.5 0.949379
11.7 0.949659
11.9 0.94999
12.1 0.950372
12.3 0.950601
12.5 0.95111
12.7 0.951467
12.9 0.951823
13.1 0.952078
13.3 0.95246
13.5 0.95274
13.7 0.953147
13.9 0.953504
14.1 0.953937
14.3 0.954242
14.5 0.954497
14.7 0.954675
14.9 0.954904
15.1 0.955133
15.3 0.955439
15.5 0.955617
15.7 0.955846
15.9 0.955974
16.1 0.956101
16.3 0.956432
16.5 0.956687
16.7 0.957043
16.9 0.957349
17.1 0.957527
17.3 0.957782
17.5 0.958113
17.7 0.958469
17.9 0.958596
18.1 0.958698
18.3 0.958877
18.5 0.959131
18.7 0.959335
18.9 0.959513
19.1 0.959666
19.3 0.95987
19.5 0.960226
19.7 0.960532
19.9 0.960761
20.1 0.960939
20.3 0.961092
20.5 0.961245
20.7 0.961499
20.9 0.961728
21.1 0.961881
21.3 0.961958
21.5 0.96239
21.7 0.962645
21.9 0.962976
22.1 0.963154
22.3 0.963384
22.5 0.963536
22.7 0.963766
22.9 0.963918
23.1 0.964046
23.3 0.964148
23.5 0.964275
23.7 0.964478
23.9 0.964657
24.1 0.96481
24.3 0.965166
24.5 0.965446
24.7 0.965446
24.9 0.965624
25.1 0.965803
25.3 0.965879
25.5 0.966108
25.7 0.966286
25.9 0.966465
26.1 0.966643
26.3 0.966948
26.5 0.967203
26.7 0.967458
26.9 0.967483
27.1 0.96756
27.3 0.967789
27.5 0.967942
27.7 0.968069
27.9 0.968171
28.1 0.968298
28.3 0.9684
28.5 0.968578
28.7 0.968705
28.9 0.968833
29.1 0.968884
29.3 0.969062
29.5 0.969317
29.7 0.96952
29.9 0.969724
30.1 0.969826
30.3 0.969902
30.5 0.970055
30.7 0.970233
30.9 0.970361
31.1 0.970564
31.3 0.970717
31.5 0.97087
31.7 0.970972
31.9 0.971048
32.1 0.971099
32.3 0.971328
32.5 0.971456
32.7 0.971608
32.9 0.971812
33.1 0.971965
33.3 0.972143
33.5 0.972245
33.7 0.972499
33.9 0.972678
34.1 0.972754
34.3 0.972856
34.5 0.972983
34.7 0.97306
34.9 0.973136
35.1 0.973212
35.3 0.973289
35.5 0.973391
35.7 0.973442
35.9 0.973569
36.1 0.97362
36.3 0.973824
36.5 0.973875
36.7 0.9739
36.9 0.974053
37.1 0.974256
37.3 0.974409
37.5 0.974537
37.7 0.974638
37.9 0.97474
38.1 0.974919
38.3 0.975173
38.5 0.975377
38.7 0.975606
38.9 0.975708
39.1 0.975708
39.3 0.975835
39.5 0.975861
39.7 0.975963
39.9 0.976039
40.1 0.976217
40.3 0.976319
40.5 0.976395
40.7 0.976523
40.9 0.976574
41.1 0.97665
41.3 0.976752
41.5 0.976828
41.7 0.97693
41.9 0.977032
42.1 0.977159
42.3 0.977287
42.5 0.977363
42.7 0.97749
42.9 0.977541
43.1 0.977618
43.3 0.977719
43.5 0.977796
43.7 0.977898
43.9 0.977974
44.1 0.978025
44.3 0.978051
44.5 0.978127
44.7 0.97828
44.9 0.978432
45.1 0.978483
45.3 0.97856
45.5 0.978636
45.7 0.978662
45.9 0.978789
46.1 0.978967
46.3 0.979145
46.5 0.979247
46.7 0.979324
46.9 0.979476
47.1 0.979578
47.3 0.979604
47.5 0.979706
47.7 0.979909
47.9 0.980088
48.1 0.980215
48.3 0.98024
48.5 0.980368
48.7 0.980546
48.9 0.980571
49.1 0.980673
49.3 0.980851
49.5 0.980928
49.7 0.981081
49.9 0.981183
50.1 0.981284
50.3 0.981412
50.5 0.981539
50.7 0.981564
50.9 0.981768
51.1 0.981819
51.3 0.98187
51.5 0.981997
51.7 0.982099
51.9 0.982201
52.1 0.982354
52.3 0.982379
52.5 0.98243
52.7 0.982583
52.9 0.982659
53.1 0.982812
53.3 0.982889
53.5 0.982939
53.7 0.983118
53.9 0.98322
54.1 0.983321
54.3 0.983449
54.5 0.983551
54.7 0.983652
54.9 0.983678
55.1 0.983805
55.3 0.983831
55.5 0.983933
55.7 0.98406
55.9 0.984187
56.1 0.984315
56.3 0.984416
56.5 0.984544
56.7 0.984595
56.9 0.984696
57.1 0.984773
57.3 0.9849
57.5 0.985129
57.7 0.985206
57.9 0.985282
58.1 0.985384
58.3 0.985537
58.5 0.985639
58.7 0.98574
58.9 0.985791
59.1 0.985944
59.3 0.986021
59.5 0.986097
59.7 0.986148
59.9 0.986301
60.1 0.986377
60.3 0.986403
60.5 0.986453
60.7 0.98653
60.9 0.986683
61.1 0.986759
61.3 0.986912
61.5 0.987014
61.7 0.987065
61.9 0.987141
62.1 0.987268
62.3 0.987396
62.5 0.987472
62.7 0.987599
62.9 0.987625
63.1 0.987676
63.3 0.987879
63.5 0.987905
63.7 0.988058
63.9 0.988109
64.1 0.988159
64.3 0.98821
64.5 0.988338
64.7 0.98844
64.9 0.988541
65.1 0.988592
65.3 0.988694
65.5 0.988745
65.7 0.988745
65.9 0.988771
66.1 0.988872
66.3 0.988974
66.5 0.989051
66.7 0.989076
66.9 0.989254
67.1 0.989331
67.3 0.989407
67.5 0.989458
67.7 0.989535
67.9 0.989585
68.1 0.989611
68.3 0.989713
68.5 0.989764
68.7 0.989815
68.9 0.989866
69.1 0.989891
69.3 0.989967
69.5 0.990044
69.7 0.990069
69.9 0.990247
70.1 0.9904
70.3 0.9904
70.5 0.990477
70.7 0.990579
70.9 0.990655
71.1 0.990731
71.3 0.990808
71.5 0.99091
71.7 0.99091
71.9 0.991011
72.1 0.991088
72.3 0.99119
72.5 0.991292
72.7 0.991317
72.9 0.991546
73.1 0.991648
73.3 0.991673
73.5 0.991775
73.7 0.991877
73.9 0.991928
74.1 0.992055
74.3 0.992208
74.5 0.992361
74.7 0.992412
74.9 0.992488
75.1 0.992539
75.3 0.992641
75.5 0.992692
75.7 0.992819
75.9 0.992896
76.1 0.992998
76.3 0.993074
76.5 0.993125
76.7 0.993176
76.9 0.993252
77.1 0.99338
77.3 0.993456
77.5 0.993558
77.7 0.993609
77.9 0.99366
78.1 0.993711
78.3 0.993787
78.5 0.993812
78.7 0.993863
78.9 0.993914
79.1 0.99394
79.3 0.993991
79.5 0.994118
79.7 0.994169
79.9 0.994296
80.1 0.994347
80.3 0.994424
80.5 0.994551
80.7 0.994576
80.9 0.994704
81.1 0.99478
81.3 0.994907
81.5 0.995035
81.7 0.995162
81.9 0.995238
82.1 0.995264
82.3 0.995442
82.5 0.995544
82.7 0.995569
82.9 0.995595
83.1 0.995646
83.3 0.995697
83.5 0.995849
83.7 0.9959
83.9 0.995977
84.1 0.996053
84.3 0.996155
84.5 0.996282
84.7 0.996308
84.9 0.996435
85.1 0.996486
85.3 0.996512
85.5 0.99669
85.7 0.996817
85.9 0.996868
86.1 0.996893
86.3 0.997021
86.5 0.997046
86.7 0.997072
86.9 0.997123
87.1 0.997199
87.3 0.997326
87.5 0.997352
87.7 0.997403
87.9 0.997454
88.1 0.997555
88.3 0.997657
88.5 0.997683
88.7 0.997785
88.9 0.99781
89.1 0.99781
89.3 0.997836
89.5 0.997887
89.7 0.997963
89.9 0.998014
90.1 0.998116
90.3 0.998192
90.5 0.998218
90.7 0.998268
90.9 0.998294
91.1 0.998319
91.3 0.998421
91.5 0.998523
91.7 0.9986
91.9 0.998676
92.1 0.998701
92.3 0.998752
92.5 0.998829
92.7 0.998931
92.9 0.999007
93.1 0.999032
93.3 0.999032
93.5 0.999083
93.7 0.999109
93.9 0.999109
94.1 0.999134
94.3 0.999185
94.5 0.999211
94.7 0.999262
94.9 0.999262
95.1 0.999338
95.3 0.999389
95.5 0.99944
95.7 0.999567
95.9 0.999593
96.1 0.999694
96.3 0.999745
96.5 0.999771
96.7 0.999822
96.9 0.999898
97.1 0.999898
97.3 0.999924
97.5 0.999975
