1000
440.3 0.000200439
440.5 0.00035868
440.7 0.000516921
440.9 0.000632965
441.1 0.000749008
441.3 0.000886151
441.5 0.000970546
441.7 0.00112879
441.9 0.00124483
442.1 0.00131868
442.3 0.00142417
442.5 0.00155076
442.7 0.00166681
442.9 0.00176175
443.1 0.00196219
443.3 0.00214153
443.5 0.00224703
443.7 0.00239472
443.9 0.00253186
444.1 0.00265845
444.3 0.00285889
444.5 0.00303823
444.7 0.00321757
444.9 0.00341801
445.1 0.00359735
445.3 0.00375559
445.5 0.00389273
445.7 0.00405097
445.9 0.00423031
446.1 0.0045468
446.3 0.00469449
446.5 0.00485273
446.7 0.00493713
446.9 0.00514811
447.1 0.0053802
447.3 0.00560174
447.5 0.00578108
447.7 0.00596042
447.9 0.0062136
448.1 0.00644569
448.3 0.00660393
448.5 0.00682547
448.7 0.00703646
448.9 0.00726855
449.1 0.00743734
449.3 0.00774327
449.5 0.00790151
449.7 0.0081336
449.9 0.00824964
450.1 0.00847118
450.3 0.00865052
450.5 0.0089248
450.7 0.00919909
450.9 0.00945227
451.1 0.00977931
451.3 0.010043
451.5 0.010254
451.7 0.0104756
451.9 0.0108237
452.1 0.0110769
452.3 0.0114039
452.5 0.011752
452.7 0.0119525
452.9 0.012269
453.1 0.0126065
453.3 0.0128281
453.5 0.0130391
453.7 0.0133239
453.9 0.0137881
454.1 0.0141362
454.3 0.0144843
454.5 0.014843
454.7 0.0151173
454.9 0.0154443
455.1 0.0156975
455.3 0.0160668
455.5 0.0164676
455.7 0.0167947
455.9 0.0171955
456.1 0.0175331
456.3 0.0178707
456.5 0.0182716
456.7 0.0186197
456.9 0.0189784
457.1 0.0193687
457.3 0.0197169
457.5 0.020181
457.7 0.020719
457.9 0.0211621
458.1 0.0214575
458.3 0.0218478
458.5 0.0222171
458.7 0.0226707
458.9 0.023061
459.1 0.0234513
459.3 0.0238417
459.5 0.0242004
459.7 0.0245696
459.9 0.0250232
460.1 0.025519
460.3 0.026036
460.5 0.0264685
460.7 0.0269432
460.9 0.0272702
461.1 0.0277872
461.3 0.0283674
461.5 0.0290003
461.7 0.0295806
461.9 0.0301397
462.1 0.0307937
462.3 0.0314373
462.5 0.0319014
462.7 0.0324183
462.9 0.0329247
463.1 0.0334838
463.3 0.0339902
463.5 0.0345388
463.7 0.0350135
463.9 0.0355621
464.1 0.0360579
464.3 0.0366909
464.5 0.0372922
464.7 0.0380517
464.9 0.038632
465.1 0.0393388
465.3 0.0398029
465.5 0.0403832
465.7 0.0409739
465.9 0.0416596
466.1 0.0421871
466.3 0.0429045
466.5 0.0435163
466.7 0.0441704
466.9 0.0448034
467.1 0.0454152
467.3 0.0459954
467.5 0.0465757
467.7 0.047388
467.9 0.0480315
468.1 0.0487383
468.3 0.0493185
468.5 0.0500675
468.7 0.0508904
468.9 0.0514178
469.1 0.0523251
469.3 0.0530424
469.5 0.0539286
469.7 0.0547515
469.9 0.055722
470.1 0.0563761
470.3 0.0571673
470.5 0.057853
470.7 0.0585598
470.9 0.0594143
471.1 0.0601528
471.3 0.0610284
471.5 0.0617563
471.7 0.0624947
471.9 0.0633176
472.1 0.0640982
472.3 0.0649
472.5 0.0660604
472.7 0.0667672
472.9 0.0678327
473.1 0.0686556
473.3 0.0696578
473.5 0.0705756
473.7 0.0715672
473.9 0.0725694
474.1 0.07354
474.3 0.0744156
474.5 0.075365
474.7 0.0761562
474.9 0.0770213
475.1 0.0778652
475.3 0.0787303
475.5 0.0797008
475.7 0.0806925
475.9 0.0817791
476.1 0.0827812
476.3 0.0836779
476.5 0.0847645
476.7 0.0857984
476.9 0.0868322
477.1 0.0877078
477.3 0.0887628
477.5 0.0897439
477.7 0.0907144
477.9 0.0916111
478.1 0.0926871
478.3 0.0937737
478.5 0.0948392
478.7 0.0959258
478.9 0.0968858
479.1 0.0979513
479.3 0.0990801
479.5 0.0999979
479.7 0.101
479.9 0.102044
480.1 0.102994
480.3 0.103933
480.5 0.105019
480.7 0.106032
480.9 0.10715
481.1 0.10849
481.3 0.109513
481.5 0.110505
481.7 0.111644
481.9 0.112678
482.1 0.113659
482.3 0.114989
482.5 0.115949
482.7 0.117162
482.9 0.118312
483.1 0.119409
483.3 0.120601
483.5 0.12174
483.7 0.123038
483.9 0.124251
484.1 0.125464
484.3 0.126551
484.5 0.127511
484.7 0.128671
484.9 0.129895
485.1 0.131119
485.3 0.132564
485.5 0.13364
485.7 0.134695
485.9 0.13595
486.1 0.136963
486.3 0.138282
486.5 0.139569
486.7 0.140877
486.9 0.141995
487.1 0.143198
487.3 0.144464
487.5 0.145656
487.7 0.146574
487.9 0.147723
488.1 0.148662
488.3 0.149833
488.5 0.15111
488.7 0.152217
488.9 0.153367
489.1 0.15476
489.3 0.156142
489.5 0.157292
489.7 0.158315
489.9 0.159444
490.1 0.160763
490.3 0.161933
490.5 0.162915
490.7 0.164191
490.9 0.165584
491.1 0.166966
491.3 0.168263
491.5 0.169392
491.7 0.170711
491.9 0.171913
492.1 0.173126
492.3 0.17434
492.5 0.1755
492.7 0.176713
492.9 0.17799
493.1 0.179108
493.3 0.180342
493.5 0.181555
493.7 0.182726
493.9 0.183929
494.1 0.185153
494.3 0.186545
494.5 0.187748
494.7 0.18894
494.9 0.190449
495.1 0.19162
495.3 0.192833
495.5 0.194225
495.7 0.195386
495.9 0.196578
496.1 0.197759
496.3 0.199067
496.5 0.200281
496.7 0.201747
496.9 0.202855
497.1 0.204216
497.3 0.205619
497.5 0.206737
497.7 0.208108
497.9 0.209364
498.1 0.210693
498.3 0.211906
498.5 0.213246
498.7 0.214596
498.9 0.215936
499.1 0.217244
499.3 0.218383
499.5 0.219829
499.7 0.221316
499.9 0.222719
500.1 0.224418
500.3 0.22561
500.5 0.226781
500.7 0.228258
500.9 0.229313
501.1 0.230536
501.3 0.232171
501.5 0.23348
501.7 0.234935
501.9 0.23637
502.1 0.237931
502.3 0.239366
502.5 0.240685
502.7 0.24212
502.9 0.243681
503.1 0.245042
503.3 0.246171
503.5 0.247584
503.7 0.249029
503.9 0.250401
504.1 0.251677
504.3 0.253144
504.5 0.254547
504.7 0.25595
504.9 0.257258
505.1 0.258524
505.3 0.260043
505.5 0.261383
505.7 0.262659
505.9 0.264094
506.1 0.26556
506.3 0.266995
506.5 0.268388
506.7 0.26977
506.9 0.271162
507.1 0.272755
507.3 0.274158
507.5 0.275667
507.7 0.277101
507.9 0.278578
508.1 0.280171
508.3 0.281701
508.5 0.28302
508.7 0.284423
508.9 0.285847
509.1 0.287092
509.3 0.288337
509.5 0.289645
509.7 0.291016
509.9 0.292293
510.1 0.293717
510.3 0.295046
510.5 0.296396
510.7 0.297631
510.9 0.299234
511.1 0.300743
511.3 0.30242
511.5 0.303813
511.7 0.305205
511.9 0.306513
512.1 0.308096
512.3 0.309425
512.5 0.310617
512.7 0.312104
512.9 0.31375
513.1 0.315417
513.3 0.317105
513.5 0.318476
513.7 0.31989
513.9 0.321441
514.1 0.322907
514.3 0.324416
514.5 0.325935
514.7 0.327359
514.9 0.328815
515.1 0.330091
515.3 0.331674
515.5 0.333129
515.7 0.334353
515.9 0.335893
516.1 0.33737
516.3 0.338805
516.5 0.340134
516.7 0.34179
516.9 0.343341
517.1 0.344755
517.3 0.345989
517.5 0.347382
517.7 0.348932
517.9 0.350357
518.1 0.351876
518.3 0.353437
518.5 0.354935
518.7 0.35638
518.9 0.35791
519.1 0.359419
519.3 0.360969
519.5 0.362404
519.7 0.363934
519.9 0.365221
520.1 0.366571
520.3 0.368006
520.5 0.36962
520.7 0.370865
520.9 0.372531
521.1 0.374283
521.3 0.37576
521.5 0.377163
521.7 0.378523
521.9 0.379927
522.1 0.381298
522.3 0.382701
522.5 0.384062
522.7 0.385444
522.9 0.386815
523.1 0.388366
523.3 0.389854
523.5 0.39133
523.7 0.392902
523.9 0.39439
524.1 0.396109
524.3 0.397354
524.5 0.39862
524.7 0.399981
524.9 0.401331
525.1 0.402618
525.3 0.404148
525.5 0.405435
525.7 0.40707
525.9 0.408494
526.1 0.409792
526.3 0.411395
526.5 0.412746
526.7 0.414265
526.9 0.415784
527.1 0.41725
527.3 0.418643
527.5 0.420025
527.7 0.421555
527.9 0.422979
528.1 0.424445
528.3 0.425785
528.5 0.427336
528.7 0.428749
528.9 0.430258
529.1 0.431714
529.3 0.433117
529.5 0.434456
529.7 0.436028
529.9 0.437526
530.1 0.438908
530.3 0.44047
530.5 0.442052
530.7 0.443455
530.9 0.444742
531.1 0.446156
531.3 0.447285
531.5 0.448635
531.7 0.449954
531.9 0.451146
532.1 0.452591
532.3 0.453857
532.5 0.455218
532.7 0.456515
532.9 0.45815
533.1 0.459659
533.3 0.461157
533.5 0.462687
533.7 0.464037
533.9 0.465503
534.1 0.466843
534.3 0.46832
534.5 0.469765
534.7 0.471116
534.9 0.472614
535.1 0.474217
535.3 0.475536
535.5 0.476886
535.7 0.478279
535.9 0.47964
536.1 0.480863
536.3 0.482193
536.5 0.483617
536.7 0.484872
536.9 0.486412
537.1 0.487858
537.3 0.488934
537.5 0.490263
537.7 0.491814
537.9 0.493016
538.1 0.494398
538.3 0.495896
538.5 0.497247
538.7 0.498513
538.9 0.49981
539.1 0.501308
539.3 0.502774
539.5 0.504178
539.7 0.505507
539.9 0.507036
540.1 0.508366
540.3 0.509621
540.5 0.511014
540.7 0.51229
540.9 0.513904
541.1 0.515128
541.3 0.51652
541.5 0.517797
541.7 0.518883
541.9 0.520065
542.1 0.521574
542.3 0.522945
542.5 0.524464
542.7 0.52592
542.9 0.527376
543.1 0.528621
543.3 0.530087
543.5 0.53129
543.7 0.532682
543.9 0.53418
544.1 0.535425
544.3 0.536786
544.5 0.538126
544.7 0.53955
544.9 0.540963
545.1 0.542271
545.3 0.543601
545.5 0.545035
545.7 0.546628
545.9 0.547884
546.1 0.549308
546.3 0.550669
546.5 0.55203
546.7 0.55338
546.9 0.554646
547.1 0.555965
547.3 0.557315
547.5 0.558591
547.7 0.559847
547.9 0.561166
548.1 0.562474
548.3 0.56413
548.5 0.565512
548.7 0.566968
548.9 0.568265
549.1 0.569774
549.3 0.571103
549.5 0.572358
549.7 0.573635
549.9 0.574932
550.1 0.576135
550.3 0.577707
550.5 0.579089
550.7 0.580555
550.9 0.582106
551.1 0.583594
551.3 0.584902
551.5 0.586294
551.7 0.587645
551.9 0.588932
552.1 0.590103
552.3 0.591421
552.5 0.592782
552.7 0.594006
552.9 0.595335
553.1 0.596654
553.3 0.597888
553.5 0.599038
553.7 0.600504
553.9 0.601802
554.1 0.603078
554.3 0.604492
554.5 0.605695
554.7 0.606929
554.9 0.608269
555.1 0.609651
555.3 0.610969
555.5 0.612298
555.7 0.613522
555.9 0.61463
556.1 0.616086
556.3 0.617478
556.5 0.618575
556.7 0.620073
556.9 0.621213
557.1 0.622521
557.3 0.623734
557.5 0.624778
557.7 0.62596
557.9 0.627131
558.1 0.628534
558.3 0.629789
558.5 0.631119
558.7 0.63229
558.9 0.633503
559.1 0.634705
559.3 0.635803
559.5 0.637079
559.7 0.638366
559.9 0.639843
560.1 0.641151
560.3 0.64228
560.5 0.643651
560.7 0.644791
560.9 0.645867
561.1 0.647112
561.3 0.648261
561.5 0.649696
561.7 0.651036
561.9 0.652028
562.1 0.653241
562.3 0.654232
562.5 0.655593
562.7 0.656743
562.9 0.65784
563.1 0.659222
563.3 0.660435
563.5 0.661722
563.7 0.662883
563.9 0.664202
564.1 0.665531
564.3 0.666849
564.5 0.667957
564.7 0.669265
564.9 0.670605
565.1 0.671934
565.3 0.673232
565.5 0.674508
565.7 0.675648
565.9 0.676755
566.1 0.67799
566.3 0.679161
566.5 0.680289
566.7 0.681545
566.9 0.682726
567.1 0.684066
567.3 0.685353
567.5 0.686461
567.7 0.687663
567.9 0.688887
568.1 0.689868
568.3 0.690944
568.5 0.691894
568.7 0.693086
568.9 0.694362
569.1 0.695681
569.3 0.696979
569.5 0.698097
569.7 0.699352
569.9 0.700376
570.1 0.701652
570.3 0.702865
570.5 0.704068
570.7 0.705397
570.9 0.706505
571.1 0.707781
571.3 0.708815
571.5 0.709912
571.7 0.71122
571.9 0.712339
572.1 0.713436
572.3 0.71447
572.5 0.715641
572.7 0.716706
572.9 0.717824
573.1 0.718943
573.3 0.720135
573.5 0.721422
573.7 0.722572
573.9 0.723532
574.1 0.724544
574.3 0.725705
574.5 0.72676
574.7 0.727878
574.9 0.729154
575.1 0.73023
575.3 0.731454
575.5 0.732604
575.7 0.733796
575.9 0.734978
576.1 0.736022
576.3 0.737288
576.5 0.738491
576.7 0.739598
576.9 0.740833
577.1 0.74194
577.3 0.743238
577.5 0.744208
577.7 0.7452
577.9 0.746339
578.1 0.747468
578.3 0.748491
578.5 0.749599
578.7 0.750696
578.9 0.751635
579.1 0.752564
579.3 0.753661
579.5 0.754842
579.7 0.755876
579.9 0.756836
580.1 0.757901
580.3 0.759178
580.5 0.760201
580.7 0.761341
580.9 0.762575
581.1 0.763735
581.3 0.764885
581.5 0.76594
581.7 0.767016
581.9 0.768082
582.1 0.769158
582.3 0.770244
582.5 0.771278
582.7 0.77228
582.9 0.773114
583.1 0.774232
583.3 0.775361
583.5 0.776416
583.7 0.777566
583.9 0.778621
584.1 0.779697
584.3 0.780804
584.5 0.781838
584.7 0.782956
584.9 0.783874
585.1 0.784992
585.3 0.785984
585.5 0.787071
585.7 0.78802
585.9 0.789149
586.1 0.790098
586.3 0.791301
586.5 0.792303
586.7 0.793421
586.9 0.794466
587.1 0.795436
587.3 0.796417
587.5 0.797409
587.7 0.798548
587.9 0.799424
588.1 0.800426
588.3 0.801523
588.5 0.802452
588.7 0.803612
588.9 0.804614
589.1 0.805764
589.3 0.806882
589.5 0.807969
589.7 0.809077
589.9 0.810121
590.1 0.811134
590.3 0.812294
590.5 0.813265
590.7 0.814256
590.9 0.815375
591.1 0.816461
591.3 0.817495
591.5 0.818518
591.7 0.819415
591.9 0.820481
592.1 0.821641
592.3 0.822685
592.5 0.823677
592.7 0.824521
592.9 0.825471
593.1 0.826462
593.3 0.827338
593.5 0.828572
593.7 0.82949
593.9 0.830545
594.1 0.83161
594.3 0.832676
594.5 0.833604
594.7 0.834659
594.9 0.835598
595.1 0.83659
595.3 0.837539
595.5 0.838531
595.7 0.839522
595.9 0.840556
596.1 0.841706
596.3 0.842571
596.5 0.843584
596.7 0.844628
596.9 0.845725
597.1 0.846886
597.3 0.847877
597.5 0.849038
597.7 0.849913
597.9 0.850979
598.1 0.851855
598.3 0.852741
598.5 0.853743
598.7 0.854703
598.9 0.855652
599.1 0.856602
599.3 0.85771
599.5 0.858743
599.7 0.859788
599.9 0.860874
600.1 0.861739
600.3 0.862615
600.5 0.863533
600.7 0.864335
600.9 0.865284
601.1 0.866191
601.3 0.86694
601.5 0.867974
601.7 0.868966
601.9 0.869862
602.1 0.87077
602.3 0.871582
602.5 0.872531
602.7 0.873481
602.9 0.874536
603.1 0.875433
603.3 0.876477
603.5 0.877447
603.7 0.878355
603.9 0.879167
604.1 0.880127
604.3 0.881076
604.5 0.881815
604.7 0.882669
604.9 0.88364
605.1 0.884526
605.3 0.885265
605.5 0.886298
605.7 0.887248
605.9 0.888134
606.1 0.889221
606.3 0.890202
606.5 0.891162
606.7 0.891995
606.9 0.893018
607.1 0.89382
607.3 0.894938
607.5 0.895856
607.7 0.896742
607.9 0.897766
608.1 0.898578
608.3 0.899612
608.5 0.900593
608.7 0.901722
608.9 0.902787
609.1 0.903758
609.3 0.904591
609.5 0.905593
609.7 0.906532
609.9 0.907302
610.1 0.908241
610.3 0.908948
610.5 0.909834
610.7 0.910668
610.9 0.91148
611.1 0.912482
611.3 0.913126
611.5 0.914033
611.7 0.914887
611.9 0.915879
612.1 0.916681
612.3 0.917651
612.5 0.918601
612.7 0.919455
612.9 0.920436
613.1 0.921259
613.3 0.922293
613.5 0.9232
613.7 0.924234
613.9 0.925078
614.1 0.925943
614.3 0.926861
614.5 0.927768
614.7 0.928686
614.9 0.929403
615.1 0.930311
615.3 0.931165
615.5 0.932146
615.7 0.932937
615.9 0.933697
616.1 0.934499
616.3 0.935469
616.5 0.936324
616.7 0.937347
616.9 0.938328
617.1 0.939436
617.3 0.939995
617.5 0.940776
617.7 0.941736
617.9 0.942653
618.1 0.943561
618.3 0.944489
618.5 0.945249
618.7 0.946166
618.9 0.947063
619.1 0.947823
619.3 0.948498
619.5 0.949426
619.7 0.950133
619.9 0.951072
620.1 0.95181
620.3 0.952623
620.5 0.95334
620.7 0.954384
620.9 0.955102
621.1 0.956041
621.3 0.95679
621.5 0.957718
621.7 0.958277
621.9 0.958868
622.1 0.95948
622.3 0.960123
622.5 0.960925
622.7 0.961547
622.9 0.962275
623.1 0.962972
623.3 0.963605
623.5 0.964195
623.7 0.964786
623.9 0.965503
624.1 0.966295
624.3 0.966959
624.5 0.967529
624.7 0.96812
624.9 0.968742
625.1 0.969438
625.3 0.970177
625.5 0.97081
625.7 0.971464
625.9 0.972044
626.1 0.972772
626.3 0.973342
626.5 0.973985
626.7 0.97465
626.9 0.975156
627.1 0.975779
627.3 0.97638
627.5 0.976939
627.7 0.977519
627.9 0.977899
628.1 0.978458
628.3 0.97907
628.5 0.979524
628.7 0.979977
628.9 0.980452
629.1 0.980906
629.3 0.981422
629.5 0.982129
629.7 0.982688
629.9 0.983131
630.1 0.983543
630.3 0.984018
630.5 0.984492
630.7 0.984935
630.9 0.985347
631.1 0.985779
631.3 0.986328
631.5 0.986687
631.7 0.987119
631.9 0.987562
632.1 0.987963
632.3 0.988522
632.5 0.988923
632.7 0.989366
632.9 0.989778
633.1 0.990168
633.3 0.990537
633.5 0.990843
633.7 0.991149
633.9 0.991603
634.1 0.99193
634.3 0.992236
634.5 0.992552
634.7 0.992921
634.9 0.993322
635.1 0.993618
635.3 0.993945
635.5 0.994208
635.7 0.994504
635.9 0.994704
636.1 0.994862
636.3 0.995179
636.5 0.995495
636.7 0.995791
636.9 0.996033
637.1 0.99636
637.3 0.996624
637.5 0.996962
637.7 0.997204
637.9 0.997468
638.1 0.997679
638.3 0.99789
638.5 0.998133
638.7 0.998375
638.9 0.998555
639.1 0.998681
639.3 0.998903
639.5 0.999135
639.7 0.999399
639.9 0.999546
640.1 0.999736
