550
50.3 1.79546e-06
50.5 1.79546e-06
50.7 1.79546e-06
50.9 3.59092e-06
51.1 3.59092e-06
51.3 5.38637e-06
51.5 1.07727e-05
51.7 1.61591e-05
51.9 3.95001e-05
52.1 7.36138e-05
52.3 0.000141841
52.5 0.000267523
52.7 0.000475796
52.9 0.000797183
53.1 0.00129093
53.3 0.00195705
53.5 0.00284221
53.7 0.00392667
53.9 0.00540792
54.1 0.00718363
54.3 0.00933997
54.5 0.0118823
54.7 0.0149741
54.9 0.0184537
55.1 0.0223391
55.3 0.026729
55.5 0.0313343
55.7 0.0362539
55.9 0.0412704
56.1 0.0466101
56.3 0.0519282
56.5 0.0573613
56.7 0.0626561
56.9 0.0680335
57.1 0.0733642
57.3 0.0785836
57.5 0.083706
57.7 0.0882486
57.9 0.0928072
58.1 0.0970966
58.3 0.101269
58.5 0.105365
58.7 0.109239
58.9 0.112956
59.1 0.116488
59.3 0.119872
59.5 0.123113
59.7 0.126407
59.9 0.129628
60.1 0.13274
60.3 0.135744
60.5 0.138753
60.7 0.14176
60.9 0.144674
61.1 0.147526
61.3 0.150538
61.5 0.153483
61.7 0.15635
61.9 0.15923
62.1 0.1623
62.3 0.165333
62.5 0.168283
62.7 0.171258
62.9 0.174208
63.1 0.176912
63.3 0.179885
63.5 0.1827
63.7 0.185539
63.9 0.18843
64.1 0.191245
64.3 0.194188
64.5 0.197048
64.7 0.199951
64.9 0.202836
65.1 0.205578
65.3 0.208476
65.5 0.211205
65.7 0.214054
65.9 0.2168
66.1 0.219583
66.3 0.222425
66.5 0.22531
66.7 0.228021
66.9 0.230941
67.1 0.233634
67.3 0.236465
67.5 0.239309
67.7 0.242076
67.9 0.244936
68.1 0.247777
68.3 0.250605
68.5 0.253404
68.7 0.256269
68.9 0.258912
69.1 0.261618
69.3 0.264426
69.5 0.267155
69.7 0.269816
69.9 0.272466
70.1 0.275312
70.3 0.278037
70.5 0.280871
70.7 0.283722
70.9 0.286415
71.1 0.289011
71.3 0.291663
71.5 0.294439
71.7 0.297184
71.9 0.299797
72.1 0.302488
72.3 0.305219
72.5 0.30798
72.7 0.310652
72.9 0.313338
73.1 0.315963
73.3 0.318586
73.5 0.321322
73.7 0.32391
73.9 0.326759
74.1 0.329553
74.3 0.332154
74.5 0.334856
74.7 0.337569
74.9 0.340372
75.1 0.343001
75.3 0.345627
75.5 0.348319
75.7 0.350946
75.9 0.35356
76.1 0.356242
76.3 0.358916
76.5 0.361645
76.7 0.364388
76.9 0.367049
77.1 0.369577
77.3 0.372211
77.5 0.374825
77.7 0.377614
77.9 0.3803
78.1 0.382921
78.3 0.385589
78.5 0.388334
78.7 0.391072
78.9 0.393686
79.1 0.396399
79.3 0.399209
79.5 0.401946
79.7 0.404585
79.9 0.407213
80.1 0.409826
80.3 0.412487
80.5 0.415311
80.7 0.417975
80.9 0.420608
81.1 0.423225
81.3 0.42592
81.5 0.428626
81.7 0.431246
81.9 0.433941
82.1 0.436594
82.3 0.439268
82.5 0.441878
82.7 0.444471
82.9 0.447062
83.1 0.449699
83.3 0.452362
83.5 0.454958
83.7 0.457721
83.9 0.460359
84.1 0.463155
84.3 0.465871
84.5 0.46841
84.7 0.470864
84.9 0.473433
85.1 0.475949
85.3 0.478477
85.5 0.481098
85.7 0.483714
85.9 0.486321
86.1 0.488953
86.3 0.491623
86.5 0.494302
86.7 0.497006
86.9 0.499755
87.1 0.502319
87.3 0.504764
87.5 0.507466
87.7 0.509951
87.9 0.512436
88.1 0.515119
88.3 0.517753
88.5 0.5203
88.7 0.523022
88.9 0.525609
89.1 0.528285
89.3 0.530838
89.5 0.533425
89.7 0.536025
89.9 0.538645
90.1 0.54128
90.3 0.543912
90.5 0.546437
90.7 0.549187
90.9 0.551816
91.1 0.554515
91.3 0.557272
91.5 0.559957
91.7 0.56253
91.9 0.565151
92.1 0.567686
92.3 0.570307
92.5 0.572852
92.7 0.575502
92.9 0.578042
93.1 0.580664
93.3 0.583274
93.5 0.585775
93.7 0.588239
93.9 0.590903
94.1 0.593623
94.3 0.596331
94.5 0.59897
94.7 0.601627
94.9 0.604233
95.1 0.606692
95.3 0.609312
95.5 0.611836
95.7 0.614449
95.9 0.617067
96.1 0.619607
96.3 0.622211
96.5 0.624749
96.7 0.62739
96.9 0.62994
97.1 0.632423
97.3 0.635066
97.5 0.637759
97.7 0.640348
97.9 0.642856
98.1 0.645456
98.3 0.648026
98.5 0.650462
98.7 0.653062
98.9 0.655635
99.1 0.658197
99.3 0.660721
99.5 0.663256
99.7 0.665688
99.9 0.668408
100.1 0.670911
100.3 0.673431
100.5 0.675852
100.7 0.67841
100.9 0.680956
101.1 0.683556
101.3 0.686156
101.5 0.688603
101.7 0.691214
101.9 0.693792
102.1 0.696268
102.3 0.69878
102.5 0.701306
102.7 0.703873
102.9 0.706353
103.1 0.708859
103.3 0.711434
103.5 0.713946
103.7 0.716463
103.9 0.719018
104.1 0.72151
104.3 0.723986
104.5 0.726414
104.7 0.728834
104.9 0.731333
105.1 0.73378
105.3 0.73626
105.5 0.738691
105.7 0.741124
105.9 0.743571
106.1 0.746034
106.3 0.74853
106.5 0.751015
106.7 0.753484
106.9 0.7559
107.1 0.758342
107.3 0.760734
107.5 0.763088
107.7 0.765452
107.9 0.767777
108.1 0.770203
108.3 0.772453
108.5 0.774787
108.7 0.777087
108.9 0.779469
109.1 0.781776
109.3 0.784082
109.5 0.786346
109.7 0.788696
109.9 0.790933
110.1 0.793284
110.3 0.795621
110.5 0.797831
110.7 0.800131
110.9 0.802487
111.1 0.804801
111.3 0.807107
111.5 0.809532
111.7 0.811775
111.9 0.814009
112.1 0.816276
112.3 0.818447
112.5 0.820648
112.7 0.822887
112.9 0.82507
113.1 0.827245
113.3 0.829358
113.5 0.831568
113.7 0.833762
113.9 0.835949
114.1 0.838193
114.3 0.840484
114.5 0.842589
114.7 0.844806
114.9 0.846959
115.1 0.849178
115.3 0.851248
115.5 0.85351
115.7 0.855643
115.9 0.857789
116.1 0.859949
116.3 0.862019
116.5 0.8641
116.7 0.866147
116.9 0.868149
117.1 0.870199
117.3 0.872327
117.5 0.874343
117.7 0.876365
117.9 0.878255
118.1 0.880372
118.3 0.882435
118.5 0.884425
118.7 0.886216
118.9 0.888254
119.1 0.890147
119.3 0.892059
119.5 0.893985
119.7 0.895862
119.9 0.897627
120.1 0.899445
120.3 0.901228
120.5 0.903026
120.7 0.904747
120.9 0.906369
121.1 0.908207
121.3 0.909924
121.5 0.911619
121.7 0.913254
121.9 0.914895
122.1 0.916583
122.3 0.918328
122.5 0.919896
122.7 0.921512
122.9 0.923036
123.1 0.924634
123.3 0.92628
123.5 0.927844
123.7 0.929399
123.9 0.930819
124.1 0.932216
124.3 0.933581
124.5 0.935012
124.7 0.936312
124.9 0.937672
125.1 0.938985
125.3 0.940402
125.5 0.94173
125.7 0.943027
125.9 0.944247
126.1 0.945517
126.3 0.946768
126.5 0.947995
126.7 0.949077
126.9 0.95032
127.1 0.951447
127.3 0.952614
127.5 0.953679
127.7 0.954749
127.9 0.955776
128.1 0.956841
128.3 0.957843
128.5 0.958825
128.7 0.959794
128.9 0.96073
129.1 0.961568
129.3 0.962432
129.5 0.963286
129.7 0.964094
129.9 0.964967
130.1 0.965698
130.3 0.966522
130.5 0.967242
130.7 0.968102
130.9 0.968849
131.1 0.969598
131.3 0.970289
131.5 0.970948
131.7 0.971614
131.9 0.972323
132.1 0.972937
132.3 0.973585
132.5 0.974158
132.7 0.974756
132.9 0.975323
133.1 0.975873
133.3 0.976444
133.5 0.976991
133.7 0.977587
133.9 0.978146
134.1 0.978657
134.3 0.979162
134.5 0.979679
134.7 0.980157
134.9 0.980661
135.1 0.981137
135.3 0.981573
135.5 0.982015
135.7 0.982426
135.9 0.982835
136.1 0.983227
136.3 0.983669
136.5 0.984049
136.7 0.984399
136.9 0.984791
137.1 0.985123
137.3 0.985451
137.5 0.985861
137.7 0.986211
137.9 0.986487
138.1 0.986809
138.3 0.98717
138.5 0.987466
138.7 0.987757
138.9 0.988076
139.1 0.988378
139.3 0.988654
139.5 0.988899
139.7 0.989154
139.9 0.989364
140.1 0.989586
140.3 0.98982
140.5 0.990032
140.7 0.990233
140.9 0.990479
141.1 0.990696
141.3 0.990884
141.5 0.991066
141.7 0.991244
141.9 0.991421
142.1 0.991585
142.3 0.991736
142.5 0.991888
142.7 0.992044
142.9 0.992181
143.1 0.992344
143.3 0.992538
143.5 0.992691
143.7 0.992836
143.9 0.992976
144.1 0.993102
144.3 0.993262
144.5 0.993378
144.7 0.993517
144.9 0.993664
145.1 0.993793
145.3 0.993935
145.5 0.99407
145.7 0.994172
145.9 0.99431
146.1 0.994438
146.3 0.994562
146.5 0.994694
146.7 0.994815
146.9 0.994919
147.1 0.995032
147.3 0.995156
147.5 0.995287
147.7 0.995398
147.9 0.995488
148.1 0.995614
148.3 0.995739
148.5 0.995845
148.7 0.995962
148.9 0.996059
149.1 0.996159
149.3 0.996271
149.5 0.996373
149.7 0.996479
149.9 0.996601
150.1 0.996705
150.3 0.996827
150.5 0.996935
150.7 0.997027
150.9 0.997136
151.1 0.997242
151.3 0.997353
151.5 0.997456
151.7 0.997549
151.9 0.997648
152.1 0.997741
152.3 0.997815
152.5 0.997899
152.7 0.997971
152.9 0.998048
153.1 0.998113
153.3 0.99819
153.5 0.998276
153.7 0.998343
153.9 0.998397
154.1 0.998463
154.3 0.998551
154.5 0.998617
154.7 0.998686
154.9 0.998756
155.1 0.998811
155.3 0.998894
155.5 0.998953
155.7 0.999002
155.9 0.999048
156.1 0.999108
156.3 0.999153
156.5 0.999223
156.7 0.999276
156.9 0.999332
157.1 0.999381
157.3 0.999433
157.5 0.999472
157.7 0.999512
157.9 0.999546
158.1 0.999601
158.3 0.999652
158.5 0.999682
158.7 0.999716
158.9 0.999763
159.1 0.999794
159.3 0.999829
159.5 0.999858
159.7 0.999891
159.9 0.999926
160.1 0.999952
