1398
2570.3 0.000107622
2570.5 0.000258292
2570.7 0.000301341
2570.9 0.00034439
2571.1 0.000473536
2571.3 0.000559633
2571.5 0.000731828
2571.7 0.00083945
2571.9 0.000882499
2572.1 0.000947072
2572.3 0.00105469
2572.5 0.00114079
2572.7 0.00126994
2572.9 0.00137756
2573.1 0.0015067
2573.3 0.00163585
2573.5 0.00165738
2573.7 0.00178652
2573.9 0.00193719
2574.1 0.00208786
2574.3 0.00215244
2574.5 0.00236768
2574.7 0.00253987
2574.9 0.0026475
2575.1 0.00281969
2575.3 0.00297036
2575.5 0.00329323
2575.7 0.00340085
2575.9 0.00368066
2576.1 0.00387438
2576.3 0.00411115
2576.5 0.00428335
2576.7 0.00449859
2576.9 0.00467078
2577.1 0.00492908
2577.3 0.00507975
2577.5 0.00535956
2577.7 0.00572548
2577.9 0.00609139
2578.1 0.00634968
2578.3 0.0066295
2578.5 0.00705999
2578.7 0.00723218
2578.9 0.00755505
2579.1 0.00781334
2579.3 0.00813621
2579.5 0.00850212
2579.7 0.00880346
2579.9 0.00912633
2580.1 0.00934157
2580.3 0.00962139
2580.5 0.00994425
2580.7 0.0103317
2580.9 0.0106976
2581.1 0.0111281
2581.3 0.0114079
2581.5 0.0117523
2581.7 0.0120967
2581.9 0.012398
2582.1 0.0126563
2582.3 0.0129361
2582.5 0.0132375
2582.7 0.0135388
2582.9 0.0139908
2583.1 0.0144213
2583.3 0.0148303
2583.5 0.0151962
2583.7 0.0154114
2583.9 0.0158204
2584.1 0.0162939
2584.3 0.0167675
2584.5 0.0173056
2584.7 0.0178006
2584.9 0.0181881
2585.1 0.0186616
2585.3 0.0190706
2585.5 0.0198455
2585.7 0.0201683
2585.9 0.0207495
2586.1 0.02118
2586.3 0.0216965
2586.5 0.0220409
2586.7 0.022493
2586.9 0.0229234
2587.1 0.0233539
2587.3 0.0238705
2587.5 0.0244086
2587.7 0.0248391
2587.9 0.0254633
2588.1 0.026109
2588.3 0.0268839
2588.5 0.0275081
2588.7 0.0280678
2588.9 0.0285198
2589.1 0.0290794
2589.3 0.0296606
2589.5 0.0303709
2589.7 0.0309735
2589.9 0.0312103
2590.1 0.0317269
2590.3 0.0325233
2590.5 0.0329753
2590.7 0.0338148
2590.9 0.0345681
2591.1 0.0351923
2591.3 0.0359241
2591.5 0.0365914
2591.7 0.0372587
2591.9 0.0378398
2592.1 0.0387654
2592.3 0.0395833
2592.5 0.0402505
2592.7 0.0411546
2592.9 0.0420586
2593.1 0.0426182
2593.3 0.0435007
2593.5 0.0442325
2593.7 0.0450074
2593.9 0.0458469
2594.1 0.0466863
2594.3 0.0473751
2594.5 0.0480424
2594.7 0.0486235
2594.9 0.0492262
2595.1 0.0500011
2595.3 0.0510127
2595.5 0.0519167
2595.7 0.0527347
2595.9 0.053445
2596.1 0.0541983
2596.3 0.0550162
2596.5 0.0559633
2596.7 0.0567597
2596.9 0.0575992
2597.1 0.0586108
2597.3 0.0594933
2597.5 0.0603112
2597.7 0.0613229
2597.9 0.06227
2598.1 0.0633677
2598.3 0.0641211
2598.5 0.0650897
2598.7 0.0661443
2598.9 0.067156
2599.1 0.0681246
2599.3 0.0692654
2599.5 0.0702555
2599.7 0.0710304
2599.9 0.0721066
2600.1 0.0731828
2600.3 0.0740868
2600.5 0.075163
2600.7 0.0758303
2600.9 0.0767774
2601.1 0.0778751
2601.3 0.0788007
2601.5 0.0798984
2601.7 0.0810177
2601.9 0.0820508
2602.1 0.0831486
2602.3 0.0843109
2602.5 0.0853441
2602.7 0.086205
2602.9 0.0872597
2603.1 0.0884005
2603.3 0.0895628
2603.5 0.0907467
2603.7 0.0920597
2603.9 0.0931574
2604.1 0.0943628
2604.3 0.0952237
2604.5 0.0965152
2604.7 0.0977421
2604.9 0.099012
2605.1 0.100217
2605.3 0.101143
2605.5 0.102068
2605.7 0.103188
2605.9 0.10435
2606.1 0.10534
2606.3 0.106632
2606.5 0.107923
2606.7 0.109236
2606.9 0.11042
2607.1 0.111475
2607.3 0.112809
2607.5 0.11395
2607.7 0.115177
2607.9 0.116145
2608.1 0.117394
2608.3 0.118492
2608.5 0.119503
2608.7 0.120558
2608.9 0.121677
2609.1 0.122775
2609.3 0.123787
2609.5 0.125143
2609.7 0.126606
2609.9 0.127769
2610.1 0.128823
2610.3 0.130287
2610.5 0.131535
2610.7 0.132525
2610.9 0.133666
2611.1 0.135022
2611.3 0.136098
2611.5 0.137218
2611.7 0.138208
2611.9 0.139392
2612.1 0.140339
2612.3 0.141566
2612.5 0.143008
2612.7 0.144342
2612.9 0.145871
2613.1 0.146861
2613.3 0.148324
2613.5 0.149594
2613.7 0.15095
2613.9 0.152435
2614.1 0.153727
2614.3 0.155018
2614.5 0.156288
2614.7 0.157644
2614.9 0.158807
2615.1 0.160034
2615.3 0.161411
2615.5 0.162552
2615.7 0.163564
2615.9 0.164747
2616.1 0.166039
2616.3 0.167115
2616.5 0.168579
2616.7 0.169806
2616.9 0.171248
2617.1 0.17269
2617.3 0.173831
2617.5 0.175036
2617.7 0.176241
2617.9 0.177856
2618.1 0.17891
2618.3 0.180266
2618.5 0.181623
2618.7 0.18328
2618.9 0.184227
2619.1 0.185669
2619.3 0.187004
2619.5 0.188274
2619.7 0.1895
2619.9 0.190835
2620.1 0.192514
2620.3 0.19387
2620.5 0.195377
2620.7 0.196948
2620.9 0.19811
2621.1 0.199337
2621.3 0.200779
2621.5 0.202092
2621.7 0.203513
2621.9 0.204826
2622.1 0.206526
2622.3 0.207732
2622.5 0.209561
2622.7 0.210896
2622.9 0.212359
2623.1 0.213715
2623.3 0.215071
2623.5 0.2166
2623.7 0.218192
2623.9 0.219828
2624.1 0.221184
2624.3 0.22254
2624.5 0.223853
2624.7 0.224994
2624.9 0.226695
2625.1 0.22833
2625.3 0.229816
2625.5 0.231215
2625.7 0.232571
2625.9 0.234206
2626.1 0.235455
2626.3 0.237048
2626.5 0.238576
2626.7 0.23976
2626.9 0.241223
2627.1 0.242579
2627.3 0.244409
2627.5 0.245657
2627.7 0.246798
2627.9 0.248219
2628.1 0.249532
2628.3 0.25134
2628.5 0.252653
2628.7 0.254009
2628.9 0.255171
2629.1 0.25685
2629.3 0.258163
2629.5 0.259777
2629.7 0.261306
2629.9 0.262963
2630.1 0.264233
2630.3 0.265395
2630.5 0.26673
2630.7 0.268107
2630.9 0.269571
2631.1 0.271056
2631.3 0.272498
2631.5 0.274156
2631.7 0.275426
2631.9 0.276696
2632.1 0.278396
2632.3 0.280096
2632.5 0.281582
2632.7 0.282981
2632.9 0.284487
2633.1 0.286059
2633.3 0.28735
2633.5 0.289051
2633.7 0.290772
2633.9 0.292021
2634.1 0.293549
2634.3 0.295034
2634.5 0.29652
2634.7 0.298198
2634.9 0.299748
2635.1 0.30119
2635.3 0.30231
2635.5 0.303601
2635.7 0.305065
2635.9 0.306421
2636.1 0.30825
2636.3 0.309865
2636.5 0.311457
2636.7 0.312856
2636.9 0.314449
2637.1 0.316042
2637.3 0.317678
2637.5 0.319099
2637.7 0.320476
2637.9 0.322004
2638.1 0.32392
2638.3 0.325211
2638.5 0.326309
2638.7 0.328053
2638.9 0.329473
2639.1 0.330958
2639.3 0.332508
2639.5 0.333671
2639.7 0.335048
2639.9 0.33677
2640.1 0.337889
2640.3 0.339547
2640.5 0.340644
2640.7 0.342237
2640.9 0.343636
2641.1 0.344691
2641.3 0.346585
2641.5 0.348156
2641.7 0.349556
2641.9 0.350696
2642.1 0.352397
2642.3 0.354054
2642.5 0.355755
2642.7 0.357218
2642.9 0.359112
2643.1 0.360554
2643.3 0.362276
2643.5 0.363676
2643.7 0.365376
2643.9 0.366797
2644.1 0.36826
2644.3 0.369745
2644.5 0.371317
2644.7 0.372393
2644.9 0.373469
2645.1 0.374911
2645.3 0.376526
2645.5 0.378377
2645.7 0.379668
2645.9 0.380852
2646.1 0.382445
2646.3 0.383951
2646.5 0.385501
2646.7 0.386879
2646.9 0.388321
2647.1 0.389741
2647.3 0.391399
2647.5 0.392733
2647.7 0.394369
2647.9 0.395596
2648.1 0.396694
2648.3 0.398351
2648.5 0.399815
2648.7 0.401063
2648.9 0.402484
2649.1 0.403818
2649.3 0.405411
2649.5 0.40709
2649.7 0.408231
2649.9 0.409759
2650.1 0.41133
2650.3 0.412859
2650.5 0.414236
2650.7 0.415829
2650.9 0.417228
2651.1 0.419015
2651.3 0.420435
2651.5 0.421942
2651.7 0.423126
2651.9 0.424525
2652.1 0.425881
2652.3 0.427431
2652.5 0.428916
2652.7 0.4301
2652.9 0.431348
2653.1 0.432661
2653.3 0.434039
2653.5 0.435631
2653.7 0.43731
2653.9 0.43858
2654.1 0.439936
2654.3 0.441443
2654.5 0.443057
2654.7 0.444392
2654.9 0.44592
2655.1 0.447491
2655.3 0.448869
2655.5 0.450225
2655.7 0.451409
2655.9 0.452743
2656.1 0.454013
2656.3 0.455046
2656.5 0.456359
2656.7 0.458146
2656.9 0.459502
2657.1 0.460836
2657.3 0.461891
2657.5 0.463355
2657.7 0.46484
2657.9 0.465981
2658.1 0.467358
2658.3 0.468585
2658.5 0.470178
2658.7 0.471405
2658.9 0.472696
2659.1 0.474203
2659.3 0.475301
2659.5 0.476721
2659.7 0.47797
2659.9 0.479455
2660.1 0.480876
2660.3 0.482339
2660.5 0.483781
2660.7 0.48518
2660.9 0.486278
2661.1 0.487591
2661.3 0.488797
2661.5 0.489916
2661.7 0.491143
2661.9 0.492327
2662.1 0.493747
2662.3 0.495275
2662.5 0.496459
2662.7 0.498074
2662.9 0.499322
2663.1 0.500592
2663.3 0.501797
2663.5 0.502981
2663.7 0.5041
2663.9 0.505586
2664.1 0.506812
2664.3 0.508276
2664.5 0.509675
2664.7 0.510816
2664.9 0.511935
2665.1 0.513033
2665.3 0.514561
2665.5 0.516068
2665.7 0.517295
2665.9 0.518199
2666.1 0.519533
2666.3 0.520782
2666.5 0.521923
2666.7 0.523343
2666.9 0.524592
2667.1 0.525689
2667.3 0.526981
2667.5 0.528294
2667.7 0.529714
2667.9 0.530748
2668.1 0.532061
2668.3 0.533115
2668.5 0.534557
2668.7 0.535935
2668.9 0.537162
2669.1 0.538625
2669.3 0.540025
2669.5 0.54151
2669.7 0.542758
2669.9 0.544093
2670.1 0.545406
2670.3 0.546697
2670.5 0.547859
2670.7 0.54885
2670.9 0.550141
2671.1 0.551196
2671.3 0.552573
2671.5 0.553714
2671.7 0.55479
2671.9 0.55606
2672.1 0.557201
2672.3 0.558299
2672.5 0.559569
2672.7 0.560796
2672.9 0.562517
2673.1 0.563701
2673.3 0.564928
2673.5 0.566047
2673.7 0.567102
2673.9 0.568243
2674.1 0.569169
2674.3 0.570374
2674.5 0.571429
2674.7 0.572462
2674.9 0.573775
2675.1 0.574808
2675.3 0.575906
2675.5 0.576939
2675.7 0.578144
2675.9 0.57935
2676.1 0.580447
2676.3 0.581502
2676.5 0.582643
2676.7 0.583827
2676.9 0.585097
2677.1 0.586044
2677.3 0.587335
2677.5 0.588347
2677.7 0.589466
2677.9 0.590693
2678.1 0.592006
2678.3 0.593383
2678.5 0.59446
2678.7 0.595773
2678.9 0.597
2679.1 0.598119
2679.3 0.599367
2679.5 0.600637
2679.7 0.601304
2679.9 0.60266
2680.1 0.603607
2680.3 0.604576
2680.5 0.605889
2680.7 0.607224
2680.9 0.608214
2681.1 0.609505
2681.3 0.610624
2681.5 0.611787
2681.7 0.613035
2681.9 0.614241
2682.1 0.615446
2682.3 0.616651
2682.5 0.61762
2682.7 0.618868
2682.9 0.62016
2683.1 0.621301
2683.3 0.622183
2683.5 0.623388
2683.7 0.624379
2683.9 0.625369
2684.1 0.626509
2684.3 0.627586
2684.5 0.628361
2684.7 0.629738
2684.9 0.630814
2685.1 0.631761
2685.3 0.632838
2685.5 0.634043
2685.7 0.63527
2685.9 0.636475
2686.1 0.637379
2686.3 0.638219
2686.5 0.63923
2686.7 0.640156
2686.9 0.641297
2687.1 0.642222
2687.3 0.643255
2687.5 0.644332
2687.7 0.645085
2687.9 0.646183
2688.1 0.647151
2688.3 0.648271
2688.5 0.649476
2688.7 0.650574
2688.9 0.651671
2689.1 0.652446
2689.3 0.653566
2689.5 0.654362
2689.7 0.655503
2689.9 0.65688
2690.1 0.657892
2690.3 0.659119
2690.5 0.660324
2690.7 0.661357
2690.9 0.662606
2691.1 0.663617
2691.3 0.664758
2691.5 0.665576
2691.7 0.666588
2691.9 0.667642
2692.1 0.668353
2692.3 0.669192
2692.5 0.670354
2692.7 0.671474
2692.9 0.672378
2693.1 0.673196
2693.3 0.674229
2693.5 0.675714
2693.7 0.676704
2693.9 0.677608
2694.1 0.678749
2694.3 0.679696
2694.5 0.680665
2694.7 0.681633
2694.9 0.682796
2695.1 0.683829
2695.3 0.68497
2695.5 0.685895
2695.7 0.686735
2695.9 0.687617
2696.1 0.688521
2696.3 0.68949
2696.5 0.690372
2696.7 0.69147
2696.9 0.692503
2697.1 0.693278
2697.3 0.694526
2697.5 0.695366
2697.7 0.696442
2697.9 0.697346
2698.1 0.698293
2698.3 0.699068
2698.5 0.700015
2698.7 0.700747
2698.9 0.701694
2699.1 0.703029
2699.3 0.704062
2699.5 0.705052
2699.7 0.706193
2699.9 0.707183
2700.1 0.708108
2700.3 0.709249
2700.5 0.710132
2700.7 0.711036
2700.9 0.712004
2701.1 0.713016
2701.3 0.713791
2701.5 0.714673
2701.7 0.71562
2701.9 0.716331
2702.1 0.717256
2702.3 0.718052
2702.5 0.718956
2702.7 0.719904
2702.9 0.720894
2703.1 0.721755
2703.3 0.722616
2703.5 0.723347
2703.7 0.724122
2703.9 0.725069
2704.1 0.725866
2704.3 0.726877
2704.5 0.727781
2704.7 0.728901
2704.9 0.729869
2705.1 0.731053
2705.3 0.732172
2705.5 0.732904
2705.7 0.733722
2705.9 0.734433
2706.1 0.735337
2706.3 0.736176
2706.5 0.737037
2706.7 0.737855
2706.9 0.738651
2707.1 0.739469
2707.3 0.740373
2707.5 0.74132
2707.7 0.742332
2707.9 0.743128
2708.1 0.743796
2708.3 0.74457
2708.5 0.745561
2708.7 0.746249
2708.9 0.747369
2709.1 0.748316
2709.3 0.749241
2709.5 0.750188
2709.7 0.75092
2709.9 0.751846
2710.1 0.752707
2710.3 0.753525
2710.5 0.754235
2710.7 0.754988
2710.9 0.755785
2711.1 0.75643
2711.3 0.75727
2711.5 0.758131
2711.7 0.758884
2711.9 0.759659
2712.1 0.760369
2712.3 0.761725
2712.5 0.76222
2712.7 0.763017
2712.9 0.76377
2713.1 0.764502
2713.3 0.765449
2713.5 0.766375
2713.7 0.766999
2713.9 0.767666
2714.1 0.768463
2714.3 0.769259
2714.5 0.770141
2714.7 0.770658
2714.9 0.771691
2715.1 0.772488
2715.3 0.773392
2715.5 0.774209
2715.7 0.774941
2715.9 0.775716
2716.1 0.776599
2716.3 0.777374
2716.5 0.778428
2716.7 0.779268
2716.9 0.779978
2717.1 0.780774
2717.3 0.781399
2717.5 0.782023
2717.7 0.782626
2717.9 0.783121
2718.1 0.783939
2718.3 0.784627
2718.5 0.785445
2718.7 0.786263
2718.9 0.786887
2719.1 0.78777
2719.3 0.788631
2719.5 0.78947
2719.7 0.790546
2719.9 0.791407
2720.1 0.792268
2720.3 0.793086
2720.5 0.793754
2720.7 0.794464
2720.9 0.79511
2721.1 0.795798
2721.3 0.796466
2721.5 0.797176
2721.7 0.797843
2721.9 0.798424
2722.1 0.799092
2722.3 0.799931
2722.5 0.800577
2722.7 0.80161
2722.9 0.802277
2723.1 0.802966
2723.3 0.803526
2723.5 0.804171
2723.7 0.805011
2723.9 0.805743
2724.1 0.806475
2724.3 0.807228
2724.5 0.808067
2724.7 0.808562
2724.9 0.809208
2725.1 0.809961
2725.3 0.810693
2725.5 0.811274
2725.7 0.811856
2725.9 0.812243
2726.1 0.813104
2726.3 0.813771
2726.5 0.814439
2726.7 0.814977
2726.9 0.815429
2727.1 0.816182
2727.3 0.816828
2727.5 0.81756
2727.7 0.818356
2727.9 0.81898
2728.1 0.819798
2728.3 0.820487
2728.5 0.820982
2728.7 0.821735
2728.9 0.82223
2729.1 0.822855
2729.3 0.823543
2729.5 0.824275
2729.7 0.825072
2729.9 0.825696
2730.1 0.826277
2730.3 0.827073
2730.5 0.827676
2730.7 0.828214
2730.9 0.82886
2731.1 0.829613
2731.3 0.830194
2731.5 0.830926
2731.7 0.83155
2731.9 0.832024
2732.1 0.832562
2732.3 0.833358
2732.5 0.834004
2732.7 0.83465
2732.9 0.83521
2733.1 0.835855
2733.3 0.836501
2733.5 0.837168
2733.7 0.837943
2733.9 0.838417
2734.1 0.838955
2734.3 0.839687
2734.5 0.840311
2734.7 0.841086
2734.9 0.841904
2735.1 0.842506
2735.3 0.843152
2735.5 0.843733
2735.7 0.84425
2735.9 0.844702
2736.1 0.845434
2736.3 0.845972
2736.5 0.846682
2736.7 0.847608
2736.9 0.848318
2737.1 0.848942
2737.3 0.849502
2737.5 0.850169
2737.7 0.851051
2737.9 0.851697
2738.1 0.852321
2738.3 0.852989
2738.5 0.85357
2738.7 0.854043
2738.9 0.854625
2739.1 0.854883
2739.3 0.855464
2739.5 0.855981
2739.7 0.856476
2739.9 0.857057
2740.1 0.857681
2740.3 0.858391
2740.5 0.858865
2740.7 0.859683
2740.9 0.860092
2741.1 0.860931
2741.3 0.861663
2741.5 0.86218
2741.7 0.862653
2741.9 0.863256
2742.1 0.863923
2742.3 0.864762
2742.5 0.865258
2742.7 0.865839
2742.9 0.866291
2743.1 0.86685
2743.3 0.867496
2743.5 0.868013
2743.7 0.868486
2743.9 0.868981
2744.1 0.869541
2744.3 0.86995
2744.5 0.870488
2744.7 0.871026
2744.9 0.871629
2745.1 0.872167
2745.3 0.872856
2745.5 0.873372
2745.7 0.873803
2745.9 0.874599
2746.1 0.875159
2746.3 0.875848
2746.5 0.876386
2746.7 0.876967
2746.9 0.877419
2747.1 0.878237
2747.3 0.878882
2747.5 0.879334
2747.7 0.880195
2747.9 0.880949
2748.1 0.881465
2748.3 0.881917
2748.5 0.882477
2748.7 0.883037
2748.9 0.883704
2749.1 0.884091
2749.3 0.884651
2749.5 0.885168
2749.7 0.885727
2749.9 0.886308
2750.1 0.886933
2750.3 0.887277
2750.5 0.887815
2750.7 0.888482
2750.9 0.888956
2751.1 0.889429
2751.3 0.889838
2751.5 0.890441
2751.7 0.890785
2751.9 0.89128
2752.1 0.891668
2752.3 0.892098
2752.5 0.892593
2752.7 0.893024
2752.9 0.893433
2753.1 0.893971
2753.3 0.894294
2753.5 0.89481
2753.7 0.895456
2753.9 0.895844
2754.1 0.896317
2754.3 0.896898
2754.5 0.897501
2754.7 0.898104
2754.9 0.898749
2755.1 0.899309
2755.3 0.899847
2755.5 0.900256
2755.7 0.900902
2755.9 0.901397
2756.1 0.901827
2756.3 0.90215
2756.5 0.902796
2756.7 0.903356
2756.9 0.903851
2757.1 0.904346
2757.3 0.904905
2757.5 0.905508
2757.7 0.906046
2757.9 0.906477
2758.1 0.906929
2758.3 0.907316
2758.5 0.907704
2758.7 0.908177
2758.9 0.908844
2759.1 0.90921
2759.3 0.909856
2759.5 0.910351
2759.7 0.910782
2759.9 0.911212
2760.1 0.911707
2760.3 0.912095
2760.5 0.912503
2760.7 0.912956
2760.9 0.913451
2761.1 0.913752
2761.3 0.914053
2761.5 0.914419
2761.7 0.914871
2761.9 0.91528
2762.1 0.91556
2762.3 0.916012
2762.5 0.916378
2762.7 0.916787
2762.9 0.917196
2763.1 0.917691
2763.3 0.918186
2763.5 0.918659
2763.7 0.919219
2763.9 0.919607
2764.1 0.919929
2764.3 0.920209
2764.5 0.920661
2764.7 0.921135
2764.9 0.921737
2765.1 0.922254
2765.3 0.922814
2765.5 0.923223
2765.7 0.923739
2765.9 0.924256
2766.1 0.924579
2766.3 0.92488
2766.5 0.925224
2766.7 0.925655
2766.9 0.926128
2767.1 0.926473
2767.3 0.92686
2767.5 0.927312
2767.7 0.927786
2767.9 0.928195
2768.1 0.928345
2768.3 0.928862
2768.5 0.929422
2768.7 0.929981
2768.9 0.930326
2769.1 0.930842
2769.3 0.931359
2769.5 0.931832
2769.7 0.932241
2769.9 0.932478
2770.1 0.932779
2770.3 0.933145
2770.5 0.933683
2770.7 0.933985
2770.9 0.934587
2771.1 0.934803
2771.3 0.935255
2771.5 0.935535
2771.7 0.935922
2771.9 0.936223
2772.1 0.936482
2772.3 0.936869
2772.5 0.937084
2772.7 0.937493
2772.9 0.937988
2773.1 0.938462
2773.3 0.938785
2773.5 0.939129
2773.7 0.939452
2773.9 0.939926
2774.1 0.94027
2774.3 0.940722
2774.5 0.941131
2774.7 0.941454
2774.9 0.941798
2775.1 0.942207
2775.3 0.942681
2775.5 0.943176
2775.7 0.943563
2775.9 0.943929
2776.1 0.944187
2776.3 0.944596
2776.5 0.944833
2776.7 0.945264
2776.9 0.945651
2777.1 0.94606
2777.3 0.946404
2777.5 0.946986
2777.7 0.947502
2777.9 0.947933
2778.1 0.948557
2778.3 0.94888
2778.5 0.949353
2778.7 0.949719
2778.9 0.9503
2779.1 0.95058
2779.3 0.950924
2779.5 0.951161
2779.7 0.951398
2779.9 0.951699
2780.1 0.951893
2780.3 0.952194
2780.5 0.95241
2780.7 0.952776
2780.9 0.953228
2781.1 0.953593
2781.3 0.954045
2781.5 0.954325
2781.7 0.954756
2781.9 0.955057
2782.1 0.955294
2782.3 0.955466
2782.5 0.955875
2782.7 0.956198
2782.9 0.956607
2783.1 0.956887
2783.3 0.957167
2783.5 0.957489
2783.7 0.957812
2783.9 0.957984
2784.1 0.958329
2784.3 0.95863
2784.5 0.95891
2784.7 0.959233
2784.9 0.959491
2785.1 0.959814
2785.3 0.960201
2785.5 0.960503
2785.7 0.960761
2785.9 0.96117
2786.1 0.961385
2786.3 0.961514
2786.5 0.961837
2786.7 0.962332
2786.9 0.962634
2787.1 0.962784
2787.3 0.963021
2787.5 0.963279
2787.7 0.963667
2787.9 0.964011
2788.1 0.964313
2788.3 0.964506
2788.5 0.964786
2788.7 0.965131
2788.9 0.965367
2789.1 0.965561
2789.3 0.965755
2789.5 0.965927
2789.7 0.966078
2789.9 0.966228
2790.1 0.96653
2790.3 0.966788
2790.5 0.966939
2790.7 0.967218
2790.9 0.967434
2791.1 0.967541
2791.3 0.96767
2791.5 0.967929
2791.7 0.968101
2791.9 0.968467
2792.1 0.968747
2792.3 0.969048
2792.5 0.969285
2792.7 0.969565
2792.9 0.969737
2793.1 0.96993
2793.3 0.970318
2793.5 0.970576
2793.7 0.97077
2793.9 0.970964
2794.1 0.971157
2794.3 0.971459
2794.5 0.971782
2794.7 0.971997
2794.9 0.972169
2795.1 0.972341
2795.3 0.9726
2795.5 0.972858
2795.7 0.973073
2795.9 0.973202
2796.1 0.973417
2796.3 0.973633
2796.5 0.973783
2796.7 0.973934
2796.9 0.974171
2797.1 0.974537
2797.3 0.974773
2797.5 0.974989
2797.7 0.975225
2797.9 0.975527
2798.1 0.975721
2798.3 0.975807
2798.5 0.975957
2798.7 0.976086
2798.9 0.976323
2799.1 0.976538
2799.3 0.976689
2799.5 0.976861
2799.7 0.97712
2799.9 0.977292
2800.1 0.977486
2800.3 0.977572
2800.5 0.97783
2800.7 0.978024
2800.9 0.978196
2801.1 0.978303
2801.3 0.978519
2801.5 0.978669
2801.7 0.978863
2801.9 0.979035
2802.1 0.979143
2802.3 0.979294
2802.5 0.979487
2802.7 0.979659
2802.9 0.979896
2803.1 0.980025
2803.3 0.980176
2803.5 0.98037
2803.7 0.980628
2803.9 0.9808
2804.1 0.980972
2804.3 0.981123
2804.5 0.981209
2804.7 0.981381
2804.9 0.981575
2805.1 0.981683
2805.3 0.981855
2805.5 0.981963
2805.7 0.982113
2805.9 0.982285
2806.1 0.982458
2806.3 0.982694
2806.5 0.982759
2806.7 0.982888
2806.9 0.982974
2807.1 0.983082
2807.3 0.983211
2807.5 0.983362
2807.7 0.983383
2807.9 0.983512
2808.1 0.983663
2808.3 0.983685
2808.5 0.983814
2808.7 0.983964
2808.9 0.984072
2809.1 0.984158
2809.3 0.984395
2809.5 0.984524
2809.7 0.98461
2809.9 0.984675
2810.1 0.984761
2810.3 0.984933
2810.5 0.985127
2810.7 0.985213
2810.9 0.985256
2811.1 0.985342
2811.3 0.985428
2811.5 0.9856
2811.7 0.985751
2811.9 0.985902
2812.1 0.986009
2812.3 0.986181
2812.5 0.986246
2812.7 0.986375
2812.9 0.986418
2813.1 0.986569
2813.3 0.986698
2813.5 0.986827
2813.7 0.98687
2813.9 0.986999
2814.1 0.987085
2814.3 0.987171
2814.5 0.987301
2814.7 0.98743
2814.9 0.987451
2815.1 0.987624
2815.3 0.987753
2815.5 0.987882
2815.7 0.987968
2815.9 0.988032
2816.1 0.98814
2816.3 0.988248
2816.5 0.988377
2816.7 0.988484
2816.9 0.988549
2817.1 0.988786
2817.3 0.988872
2817.5 0.989023
2817.7 0.989044
2817.9 0.989109
2818.1 0.989195
2818.3 0.989302
2818.5 0.989345
2818.7 0.989496
2818.9 0.989604
2819.1 0.98969
2819.3 0.989776
2819.5 0.989905
2819.7 0.98997
2819.9 0.990206
2820.1 0.990314
2820.3 0.990422
2820.5 0.990508
2820.7 0.990637
2820.9 0.990701
2821.1 0.990766
2821.3 0.990852
2821.5 0.990917
2821.7 0.991046
2821.9 0.991089
2822.1 0.991175
2822.3 0.99124
2822.5 0.991412
2822.7 0.991498
2822.9 0.991627
2823.1 0.991735
2823.3 0.991842
2823.5 0.991885
2823.7 0.992058
2823.9 0.992101
2824.1 0.992251
2824.3 0.992316
2824.5 0.992423
2824.7 0.992488
2824.9 0.992639
2825.1 0.992789
2825.3 0.992854
2825.5 0.99294
2825.7 0.993005
2825.9 0.993091
2826.1 0.99322
2826.3 0.993241
2826.5 0.993327
2826.7 0.993349
2826.9 0.993392
2827.1 0.993521
2827.3 0.993564
2827.5 0.993607
2827.7 0.99365
2827.9 0.993758
2828.1 0.993823
2828.3 0.993909
2828.5 0.994081
2828.7 0.994188
2828.9 0.994253
2829.1 0.994296
2829.3 0.994382
2829.5 0.994425
2829.7 0.994447
2829.9 0.99449
2830.1 0.994576
2830.3 0.994662
2830.5 0.994705
2830.7 0.994748
2830.9 0.994748
2831.1 0.994834
2831.3 0.994899
2831.5 0.99492
2831.7 0.994963
2831.9 0.995092
2832.1 0.995157
2832.3 0.995265
2832.5 0.995372
2832.7 0.995458
2832.9 0.995609
2833.1 0.995652
2833.3 0.995674
2833.5 0.995695
2833.7 0.995717
2833.9 0.995803
2834.1 0.995867
2834.3 0.995889
2834.5 0.995953
2834.7 0.99604
2834.9 0.996083
2835.1 0.996126
2835.3 0.996126
2835.5 0.996212
2835.7 0.996255
2835.9 0.996362
2836.1 0.99647
2836.3 0.996492
2836.5 0.996599
2836.7 0.996642
2836.9 0.996771
2837.1 0.996814
2837.3 0.996836
2837.5 0.9969
2837.7 0.996965
2837.9 0.997073
2838.1 0.997116
2838.3 0.997137
2838.5 0.997202
2838.7 0.997266
2838.9 0.997288
2839.1 0.997309
2839.3 0.997396
2839.5 0.997439
2839.7 0.997611
2839.9 0.997718
2840.1 0.997718
2840.3 0.997761
2840.5 0.997848
2840.7 0.997891
2840.9 0.998041
2841.1 0.998106
2841.3 0.998149
2841.5 0.998192
2841.7 0.998257
2841.9 0.998364
2842.1 0.99845
2842.3 0.998472
2842.5 0.998493
2842.7 0.998579
2842.9 0.998622
2843.1 0.998666
2843.3 0.998752
2843.5 0.998773
2843.7 0.998795
2843.9 0.998859
2844.1 0.998881
2844.3 0.998902
2844.5 0.999031
2844.7 0.999053
2844.9 0.999096
2845.1 0.999139
2845.3 0.999204
2845.5 0.999204
2845.7 0.999247
2845.9 0.99929
2846.1 0.999333
2846.3 0.999419
2846.5 0.999505
2846.7 0.999526
2846.9 0.999526
2847.1 0.999548
2847.3 0.999591
2847.5 0.999591
2847.7 0.999656
2847.9 0.999677
2848.1 0.99972
2848.3 0.99972
2848.5 0.999763
2848.7 0.999763
2848.9 0.999849
2849.1 0.999849
2849.3 0.999892
2849.5 0.999935
2849.7 0.999957
