1027
12.5 6.87853e-05
12.7 0.000206356
12.9 0.000309534
13.1 0.000412712
13.3 0.000584675
13.5 0.000859816
13.7 0.00110056
13.9 0.00127253
14.1 0.00154767
14.3 0.00175402
14.5 0.00189159
14.7 0.00230431
14.9 0.00271702
15.1 0.00312973
15.3 0.0037488
15.5 0.00450543
15.7 0.0051245
15.9 0.00612189
16.1 0.00708488
16.3 0.00777273
16.5 0.00863255
16.7 0.00952676
16.9 0.0103178
17.1 0.0116247
17.3 0.0127253
17.5 0.0141698
17.7 0.0157174
17.9 0.016818
18.1 0.0187784
18.3 0.0199477
18.5 0.021289
18.7 0.0229055
18.9 0.02435
19.1 0.0255537
19.3 0.0271358
19.5 0.0285459
19.7 0.029956
19.9 0.0317444
20.1 0.0330513
20.3 0.0345646
20.5 0.0364906
20.7 0.0379351
20.9 0.0397235
21.1 0.0410648
21.3 0.042131
21.5 0.0437474
21.7 0.0452951
21.9 0.0468771
22.1 0.0482529
22.3 0.0496973
22.5 0.0514514
22.7 0.0526551
22.9 0.0537901
23.1 0.0550626
23.3 0.0566447
23.5 0.0578828
23.7 0.0592241
23.9 0.0606686
24.1 0.0621819
24.3 0.0635576
24.5 0.0646925
24.7 0.0662402
24.9 0.0676503
25.1 0.0687509
25.3 0.0701954
25.5 0.0718118
25.7 0.0730155
25.9 0.0745288
26.1 0.0759045
26.3 0.0774866
26.5 0.0785184
26.7 0.0797909
26.9 0.0814417
27.1 0.0832645
27.3 0.0848466
27.5 0.0864287
27.7 0.0879076
27.9 0.0891801
28.1 0.0907621
28.3 0.0918971
28.5 0.0931696
28.7 0.094958
28.9 0.0963681
29.1 0.0977782
29.3 0.0990164
29.5 0.100977
29.7 0.10249
29.9 0.103728
30.1 0.104829
30.3 0.106239
30.5 0.10758
30.7 0.109059
30.9 0.110263
31.1 0.111604
31.3 0.113186
31.5 0.114287
31.7 0.115559
31.9 0.117038
32.1 0.118379
32.3 0.119377
32.5 0.121096
32.7 0.122782
32.9 0.123917
33.1 0.125052
33.3 0.126427
33.5 0.127803
33.7 0.128938
33.9 0.130348
34.1 0.131689
34.3 0.132859
34.5 0.134131
34.7 0.13592
34.9 0.137399
35.1 0.138809
35.3 0.140253
35.5 0.141732
35.7 0.143142
35.9 0.14469
36.1 0.145859
36.3 0.147648
36.5 0.148817
36.7 0.150193
36.9 0.151534
37.1 0.153185
37.3 0.154629
37.5 0.155936
37.7 0.157381
37.9 0.158722
38.1 0.160201
38.3 0.16137
38.5 0.162643
38.7 0.164328
38.9 0.166116
39.1 0.167492
39.3 0.168696
39.5 0.170037
39.7 0.171138
39.9 0.172892
40.1 0.174336
40.3 0.175506
40.5 0.176709
40.7 0.17836
40.9 0.179873
41.1 0.181249
41.3 0.182247
41.5 0.183485
41.7 0.184585
41.9 0.186064
42.1 0.187474
42.3 0.188644
42.5 0.189882
42.7 0.191051
42.9 0.192736
43.1 0.194009
43.3 0.195419
43.5 0.196416
43.7 0.19793
43.9 0.199133
44.1 0.20044
44.3 0.201816
44.5 0.202813
44.7 0.203879
44.9 0.205152
45.1 0.207044
45.3 0.208385
45.5 0.209589
45.7 0.210861
45.9 0.21234
46.1 0.213819
46.3 0.215263
46.5 0.216467
46.7 0.21774
46.9 0.219184
47.1 0.220697
47.3 0.222417
47.5 0.22369
47.7 0.225065
47.9 0.226716
48.1 0.227748
48.3 0.229089
48.5 0.230534
48.7 0.231703
48.9 0.233388
49.1 0.234351
49.3 0.235761
49.5 0.23724
49.7 0.238582
49.9 0.239682
50.1 0.241024
50.3 0.242296
50.5 0.243913
50.7 0.245391
50.9 0.24663
51.1 0.247696
51.3 0.248899
51.5 0.249862
51.7 0.251376
51.9 0.25282
52.1 0.254643
52.3 0.256053
52.5 0.257498
52.7 0.258598
52.9 0.26018
53.1 0.261969
53.3 0.263585
53.5 0.265236
53.7 0.266577
53.9 0.268022
54.1 0.269535
54.3 0.271014
54.5 0.272321
54.7 0.273972
54.9 0.275519
55.1 0.276689
55.3 0.277755
55.5 0.279131
55.7 0.280437
55.9 0.281607
56.1 0.283464
56.3 0.284702
56.5 0.286009
56.7 0.287454
56.9 0.288589
57.1 0.290274
57.3 0.291443
57.5 0.293025
57.7 0.294642
57.9 0.295845
58.1 0.297152
58.3 0.298253
58.5 0.299113
58.7 0.299938
58.9 0.301107
59.1 0.302586
59.3 0.303824
59.5 0.304512
59.7 0.305922
59.9 0.307676
60.1 0.30943
60.3 0.310531
60.5 0.311666
60.7 0.313042
60.9 0.314933
61.1 0.316481
61.3 0.318029
61.5 0.31937
61.7 0.320574
61.9 0.322259
62.1 0.323566
62.3 0.324701
62.5 0.325939
62.7 0.327727
62.9 0.328931
63.1 0.330204
63.3 0.331476
63.5 0.332989
63.7 0.334606
63.9 0.335913
64.1 0.337323
64.3 0.339214
64.5 0.340693
64.7 0.341966
64.9 0.343066
65.1 0.344958
65.3 0.346196
65.5 0.347709
65.7 0.348638
65.9 0.350014
66.1 0.351252
66.3 0.352662
66.5 0.354278
66.7 0.355654
66.9 0.356995
67.1 0.358371
67.3 0.359403
67.5 0.360607
67.7 0.361948
67.9 0.363874
68.1 0.365387
68.3 0.366453
68.5 0.36752
68.7 0.368655
68.9 0.369824
69.1 0.371337
69.3 0.372575
69.5 0.373779
69.7 0.374983
69.9 0.376462
70.1 0.378078
70.3 0.379213
70.5 0.380417
70.7 0.381793
70.9 0.382756
71.1 0.384234
71.3 0.385679
71.5 0.387055
71.7 0.388602
71.9 0.389737
72.1 0.390907
72.3 0.39211
72.5 0.393452
72.7 0.394759
72.9 0.396031
73.1 0.397441
73.3 0.398507
73.5 0.399814
73.7 0.400812
73.9 0.402359
74.1 0.403769
74.3 0.405214
74.5 0.40683
74.7 0.408275
74.9 0.409857
75.1 0.411542
75.3 0.412849
75.5 0.414053
75.7 0.415497
75.9 0.416667
76.1 0.41787
76.3 0.419487
76.5 0.420759
76.7 0.421998
76.9 0.423236
77.1 0.42499
77.3 0.4264
77.5 0.427569
77.7 0.428738
77.9 0.429942
78.1 0.431146
78.3 0.432418
78.5 0.433588
78.7 0.435204
78.9 0.436374
79.1 0.437853
79.3 0.439159
79.5 0.440707
79.7 0.442324
79.9 0.443802
80.1 0.445178
80.3 0.446416
80.5 0.447792
80.7 0.449512
80.9 0.450612
81.1 0.452229
81.3 0.453914
81.5 0.45529
81.7 0.456253
81.9 0.457216
82.1 0.458626
82.3 0.459933
82.5 0.461136
82.7 0.462856
82.9 0.4643
83.1 0.465676
83.3 0.467155
83.5 0.46829
83.7 0.46915
83.9 0.469941
84.1 0.47111
84.3 0.472589
84.5 0.473965
84.7 0.475616
84.9 0.477301
85.1 0.478573
85.3 0.479433
85.5 0.48074
85.7 0.482081
85.9 0.483388
86.1 0.484661
86.3 0.485761
86.5 0.487
86.7 0.48896
86.9 0.490267
87.1 0.491539
87.3 0.492606
87.5 0.4935
87.7 0.494875
87.9 0.496148
88.1 0.497627
88.3 0.499003
88.5 0.499931
88.7 0.501341
88.9 0.502476
89.1 0.503749
89.3 0.505125
89.5 0.506294
89.7 0.507498
89.9 0.508942
90.1 0.510249
90.3 0.51159
90.5 0.51276
90.7 0.513826
90.9 0.515339
91.1 0.516612
91.3 0.51785
91.5 0.519191
91.7 0.52036
91.9 0.522011
92.1 0.523318
92.3 0.524556
92.5 0.525726
92.7 0.526689
92.9 0.527927
93.1 0.529096
93.3 0.5303
93.5 0.531641
93.7 0.53312
93.9 0.534565
94.1 0.536078
94.3 0.537488
94.5 0.538176
94.7 0.53962
94.9 0.540858
95.1 0.542062
95.3 0.5433
95.5 0.544366
95.7 0.54557
95.9 0.546636
96.1 0.548012
96.3 0.549044
96.5 0.55042
96.7 0.55152
96.9 0.55269
97.1 0.554031
97.3 0.555407
97.5 0.556817
97.7 0.558571
97.9 0.55974
98.1 0.561356
98.3 0.562732
98.5 0.563901
98.7 0.56514
98.9 0.566584
99.1 0.567788
99.3 0.569129
99.5 0.570711
99.7 0.571984
99.9 0.573188
100.1 0.574529
100.3 0.575492
100.5 0.576661
100.7 0.577899
100.9 0.578862
101.1 0.579997
101.3 0.581407
101.5 0.583299
101.7 0.5844
101.9 0.585603
102.1 0.586738
102.3 0.587873
102.5 0.589008
102.7 0.590143
102.9 0.59176
103.1 0.592963
103.3 0.594408
103.5 0.595646
103.7 0.596781
103.9 0.597985
104.1 0.599085
104.3 0.600255
104.5 0.601596
104.7 0.603006
104.9 0.604278
105.1 0.605585
105.3 0.60648
105.5 0.607958
105.7 0.609541
105.9 0.610847
106.1 0.611948
106.3 0.613117
106.5 0.614252
106.7 0.615594
106.9 0.617004
107.1 0.618104
107.3 0.619342
107.5 0.620443
107.7 0.621784
107.9 0.623126
108.1 0.624398
108.3 0.625533
108.5 0.627012
108.7 0.628491
108.9 0.629729
109.1 0.630761
109.3 0.631999
109.5 0.633134
109.7 0.634372
109.9 0.635541
110.1 0.636573
110.3 0.637502
110.5 0.638843
110.7 0.63984
110.9 0.641044
111.1 0.642282
111.3 0.643486
111.5 0.644518
111.7 0.64555
111.9 0.646685
112.1 0.647957
112.3 0.649402
112.5 0.650743
112.7 0.652015
112.9 0.652944
113.1 0.654354
113.3 0.655695
113.5 0.657071
113.7 0.658481
113.9 0.659651
114.1 0.660923
114.3 0.662299
114.5 0.663468
114.7 0.664741
114.9 0.666254
115.1 0.667664
115.3 0.668799
115.5 0.670106
115.7 0.671206
115.9 0.672169
116.1 0.673442
116.3 0.674405
116.5 0.675368
116.7 0.6764
116.9 0.677604
117.1 0.67867
117.3 0.679495
117.5 0.680802
117.7 0.681903
117.9 0.682866
118.1 0.683829
118.3 0.684826
118.5 0.685892
118.7 0.686993
118.9 0.688093
119.1 0.689159
119.3 0.690294
119.5 0.691567
119.7 0.692496
119.9 0.69363
120.1 0.694731
120.3 0.69621
120.5 0.697414
120.7 0.698308
120.9 0.699374
121.1 0.700131
121.3 0.7013
121.5 0.702676
121.7 0.703536
121.9 0.704636
122.1 0.705634
122.3 0.706734
122.5 0.707938
122.7 0.709107
122.9 0.710208
123.1 0.711171
123.3 0.712443
123.5 0.713509
123.7 0.714541
123.9 0.715435
124.1 0.716398
124.3 0.717843
124.5 0.718668
124.7 0.7197
124.9 0.720801
125.1 0.721557
125.3 0.722383
125.5 0.72338
125.7 0.72479
125.9 0.725616
126.1 0.726751
126.3 0.728229
126.5 0.729468
126.7 0.730775
126.9 0.731772
127.1 0.733148
127.3 0.734283
127.5 0.735486
127.7 0.736209
127.9 0.736862
128.1 0.7381
128.3 0.738891
128.5 0.739992
128.7 0.74123
128.9 0.742537
129.1 0.743431
129.3 0.744841
129.5 0.745873
129.7 0.74718
129.9 0.748143
130.1 0.749243
130.3 0.75055
130.5 0.751341
130.7 0.752373
130.9 0.753302
131.1 0.754574
131.3 0.755916
131.5 0.756913
131.7 0.758426
131.9 0.75932
132.1 0.760283
132.3 0.76159
132.5 0.762381
132.7 0.763241
132.9 0.764032
133.1 0.765167
133.3 0.766233
133.5 0.767162
133.7 0.768366
133.9 0.769191
134.1 0.77012
134.3 0.771117
134.5 0.771839
134.7 0.772768
134.9 0.774006
135.1 0.775244
135.3 0.776276
135.5 0.777205
135.7 0.778133
135.9 0.778855
136.1 0.779853
136.3 0.780781
136.5 0.781848
136.7 0.782673
136.9 0.783911
137.1 0.785252
137.3 0.786078
137.5 0.787075
137.7 0.788176
137.9 0.789001
138.1 0.789827
138.3 0.790755
138.5 0.791821
138.7 0.79275
138.9 0.793713
139.1 0.794573
139.3 0.795433
139.5 0.796361
139.7 0.797084
139.9 0.798253
140.1 0.799525
140.3 0.800454
140.5 0.801383
140.7 0.802552
140.9 0.803412
141.1 0.804168
141.3 0.805097
141.5 0.806026
141.7 0.807161
141.9 0.80802
142.1 0.809018
142.3 0.809671
142.5 0.810772
142.7 0.811769
142.9 0.81287
143.1 0.814073
143.3 0.814864
143.5 0.815759
143.7 0.816378
143.9 0.817169
144.1 0.818201
144.3 0.818923
144.5 0.819886
144.7 0.820711
144.9 0.821812
145.1 0.82274
145.3 0.823531
145.5 0.824598
145.7 0.825629
145.9 0.826489
146.1 0.827349
146.3 0.828174
146.5 0.828553
146.7 0.829516
146.9 0.83041
147.1 0.831063
147.3 0.831923
147.5 0.832611
147.7 0.833368
147.9 0.834228
148.1 0.834915
148.3 0.835672
148.5 0.836394
148.7 0.837288
148.9 0.838114
149.1 0.838974
149.3 0.839937
149.5 0.8409
149.7 0.84176
149.9 0.842791
150.1 0.843754
150.3 0.844924
150.5 0.846024
150.7 0.846815
150.9 0.847709
151.1 0.848638
151.3 0.849463
151.5 0.850255
151.7 0.850977
151.9 0.851561
152.1 0.852352
152.3 0.852937
152.5 0.853659
152.7 0.854519
152.9 0.855069
153.1 0.855792
153.3 0.856548
153.5 0.857374
153.7 0.858165
153.9 0.858921
154.1 0.859472
154.3 0.860125
154.5 0.860744
154.7 0.861398
154.9 0.862429
155.1 0.863289
155.3 0.863908
155.5 0.864768
155.7 0.86549
155.9 0.866694
156.1 0.867554
156.3 0.868483
156.5 0.869308
156.7 0.87003
156.9 0.870856
157.1 0.871647
157.3 0.872472
157.5 0.873263
157.7 0.874054
157.9 0.874742
158.1 0.875361
158.3 0.876049
158.5 0.876874
158.7 0.877803
158.9 0.878388
159.1 0.879213
159.3 0.879798
159.5 0.88052
159.7 0.881414
159.9 0.881999
160.1 0.882446
160.3 0.883099
160.5 0.88389
160.7 0.884613
160.9 0.885438
161.1 0.886092
161.3 0.886951
161.5 0.887811
161.7 0.888396
161.9 0.888981
162.1 0.889944
162.3 0.890666
162.5 0.891251
162.7 0.891766
162.9 0.892351
163.1 0.892901
163.3 0.893796
163.5 0.894552
163.7 0.894965
163.9 0.895515
164.1 0.895825
164.3 0.896409
164.5 0.897338
164.7 0.898026
164.9 0.898645
165.1 0.899264
165.3 0.89978
165.5 0.900502
165.7 0.901087
165.9 0.901809
166.1 0.902428
166.3 0.90315
166.5 0.904045
166.7 0.904732
166.9 0.905489
167.1 0.905936
167.3 0.906521
167.5 0.907071
167.7 0.907897
167.9 0.908447
168.1 0.909341
168.3 0.910442
168.5 0.911095
168.7 0.911611
168.9 0.912436
169.1 0.913193
169.3 0.913778
169.5 0.914156
169.7 0.914775
169.9 0.91536
170.1 0.916151
170.3 0.916735
170.5 0.917355
170.7 0.918146
170.9 0.918696
171.1 0.919246
171.3 0.919968
171.5 0.920415
171.7 0.921138
171.9 0.921654
172.1 0.922135
172.3 0.922857
172.5 0.923545
172.7 0.924095
172.9 0.924646
173.1 0.925334
173.3 0.925918
173.5 0.926641
173.7 0.927225
173.9 0.927741
174.1 0.928326
174.3 0.92867
174.5 0.929186
174.7 0.929805
174.9 0.930458
175.1 0.931077
175.3 0.931765
175.5 0.932212
175.7 0.932831
175.9 0.933485
176.1 0.934104
176.3 0.934688
176.5 0.935307
176.7 0.935995
176.9 0.936511
177.1 0.936993
177.3 0.937371
177.5 0.938059
177.7 0.938472
177.9 0.939091
178.1 0.939675
178.3 0.940226
178.5 0.940535
178.7 0.941223
178.9 0.941773
179.1 0.942048
179.3 0.942289
179.5 0.942908
179.7 0.943665
179.9 0.944009
180.1 0.944456
180.3 0.944731
180.5 0.945144
180.7 0.945591
180.9 0.945935
181.1 0.946313
181.3 0.947035
181.5 0.947654
181.7 0.948136
181.9 0.948686
182.1 0.949065
182.3 0.94934
182.5 0.949752
182.7 0.950371
182.9 0.950819
183.1 0.951128
183.3 0.951403
183.5 0.952091
183.7 0.952538
183.9 0.95302
184.1 0.953501
184.3 0.953742
184.5 0.954258
184.7 0.954705
184.9 0.955186
185.1 0.955496
185.3 0.956012
185.5 0.956562
185.7 0.956837
185.9 0.957044
186.1 0.957284
186.3 0.957731
186.5 0.958144
186.7 0.958591
186.9 0.959038
187.1 0.959348
187.3 0.959829
187.5 0.960277
187.7 0.960827
187.9 0.961205
188.1 0.961618
188.3 0.962099
188.5 0.962684
188.7 0.963131
188.9 0.963853
189.1 0.964438
189.3 0.96492
189.5 0.965332
189.7 0.965711
189.9 0.966226
190.1 0.96657
190.3 0.966914
190.5 0.967361
190.7 0.967671
190.9 0.968221
191.1 0.968668
191.3 0.969081
191.5 0.969459
191.7 0.969872
191.9 0.970285
192.1 0.970697
192.3 0.971179
192.5 0.971454
192.7 0.971764
192.9 0.972176
193.1 0.972348
193.3 0.972623
193.5 0.973002
193.7 0.973277
193.9 0.97369
194.1 0.973999
194.3 0.974309
194.5 0.974515
194.7 0.974928
194.9 0.975306
195.1 0.975444
195.3 0.975719
195.5 0.97596
195.7 0.976166
195.9 0.976441
196.1 0.976682
196.3 0.976923
196.5 0.977198
196.7 0.977335
196.9 0.977748
197.1 0.978126
197.3 0.978367
197.5 0.978642
197.7 0.979055
197.9 0.979261
198.1 0.979502
198.3 0.979846
198.5 0.980327
198.7 0.980534
198.9 0.980981
199.1 0.981428
199.3 0.981634
199.5 0.982013
199.7 0.982219
199.9 0.98246
200.1 0.982735
200.3 0.98301
200.5 0.98332
200.7 0.983732
200.9 0.984042
201.1 0.984317
201.3 0.984523
201.5 0.984798
201.7 0.985039
201.9 0.985349
202.1 0.985589
202.3 0.985796
202.5 0.98614
202.7 0.986415
202.9 0.986759
203.1 0.987068
203.3 0.987378
203.5 0.987687
203.7 0.987894
203.9 0.9881
204.1 0.988272
204.3 0.988754
204.5 0.989166
204.7 0.98951
204.9 0.989648
205.1 0.989854
205.3 0.990198
205.5 0.990473
205.7 0.990611
205.9 0.99092
206.1 0.991058
206.3 0.991195
206.5 0.991471
206.7 0.991711
206.9 0.991952
207.1 0.992193
207.3 0.992262
207.5 0.992606
207.7 0.992743
207.9 0.993053
208.1 0.993156
208.3 0.993465
208.5 0.993809
208.7 0.993913
208.9 0.994325
209.1 0.994497
209.3 0.994738
209.5 0.99491
209.7 0.995116
209.9 0.995254
210.1 0.995391
210.3 0.995598
210.5 0.99577
210.7 0.995907
210.9 0.996079
211.1 0.996251
211.3 0.996389
211.5 0.996664
211.7 0.996836
211.9 0.997111
212.1 0.997283
212.3 0.997352
212.5 0.997489
212.7 0.997558
212.9 0.99773
213.1 0.997902
213.3 0.997971
213.5 0.998108
213.7 0.998143
213.9 0.998315
214.1 0.998384
214.3 0.998521
214.5 0.99859
214.7 0.998693
214.9 0.998796
215.1 0.998831
215.3 0.998968
215.5 0.998968
215.7 0.999003
215.9 0.999071
216.1 0.999106
216.3 0.999175
216.5 0.999278
216.7 0.999415
216.9 0.99945
217.1 0.999656
217.3 0.99969
217.5 0.999794
217.7 0.999931
