997
18.9 0.000291259
19.1 0.000728147
19.3 0.00123785
19.5 0.00152911
19.7 0.00189318
19.9 0.0020024
20.1 0.00251211
20.3 0.00316744
20.5 0.0034587
20.7 0.00415044
20.9 0.00469654
21.1 0.00571595
21.3 0.00662613
21.5 0.00782757
21.7 0.00921105
21.9 0.010813
22.1 0.0126697
22.3 0.0142717
22.5 0.0159464
22.7 0.0175847
22.9 0.0191503
23.1 0.0210798
23.3 0.0225725
23.5 0.0243201
23.7 0.0260312
23.9 0.0278516
24.1 0.0297084
24.3 0.0316744
24.5 0.0333855
24.7 0.0349874
24.9 0.0366986
25.1 0.0388102
25.3 0.0408854
25.5 0.0428878
25.7 0.0445262
25.9 0.0464922
26.1 0.048713
26.3 0.0506426
26.5 0.0526086
26.7 0.0544654
26.9 0.0558124
27.1 0.0577784
27.3 0.0594896
27.5 0.0620381
27.7 0.0641133
27.9 0.0659701
28.1 0.0677904
28.3 0.0695744
28.5 0.0713219
28.7 0.0732151
28.9 0.0748535
29.1 0.0764918
29.3 0.0780937
29.5 0.0804238
29.7 0.0817344
29.9 0.0837368
30.1 0.0855936
30.3 0.0873776
30.5 0.0893072
30.7 0.0913824
30.9 0.0928387
31.1 0.0946226
31.3 0.0966979
31.5 0.0983726
31.7 0.100302
31.9 0.102013
32.1 0.103542
32.3 0.105072
32.5 0.10671
32.7 0.108348
32.9 0.110023
33.1 0.111552
33.3 0.113118
33.5 0.115011
33.7 0.116722
33.9 0.118506
34.1 0.120581
34.3 0.122219
34.5 0.124003
34.7 0.125642
34.9 0.127753
35.1 0.129501
35.3 0.130775
35.5 0.132559
35.7 0.13427
35.9 0.135981
36.1 0.13711
36.3 0.138821
36.5 0.14086
36.7 0.14319
36.9 0.14461
37.1 0.14643
37.3 0.148069
37.5 0.149634
37.7 0.151054
37.9 0.152583
38.1 0.154658
38.3 0.156551
38.5 0.15819
38.7 0.159937
38.9 0.161794
39.1 0.163105
39.3 0.164343
39.5 0.16569
39.7 0.16711
39.9 0.168821
40.1 0.170423
40.3 0.171806
40.5 0.173772
40.7 0.175119
40.9 0.176685
41.1 0.178614
41.3 0.179998
41.5 0.181163
41.7 0.182728
41.9 0.18484
42.1 0.186697
42.3 0.188663
42.5 0.190192
42.7 0.191575
42.9 0.193177
43.1 0.194961
43.3 0.196782
43.5 0.19842
43.7 0.20024
43.9 0.201733
44.1 0.203299
44.3 0.204828
44.5 0.206794
44.7 0.208614
44.9 0.209888
45.1 0.211417
45.3 0.213201
45.5 0.215167
45.7 0.216587
45.9 0.218408
46.1 0.220446
46.3 0.221939
46.5 0.223468
46.7 0.224997
46.9 0.226417
47.1 0.227728
47.3 0.229475
47.5 0.230932
47.7 0.232606
47.9 0.233881
48.1 0.235774
48.3 0.237303
48.5 0.239342
48.7 0.240762
48.9 0.242036
49.1 0.244038
49.3 0.246332
49.5 0.247934
49.7 0.249427
49.9 0.25081
50.1 0.252558
50.3 0.25405
50.5 0.255616
50.7 0.257145
50.9 0.258419
51.1 0.259803
51.3 0.261696
51.5 0.263516
51.7 0.265191
51.9 0.266283
52.1 0.267703
52.3 0.269414
52.5 0.270688
52.7 0.27229
52.9 0.273455
53.1 0.274912
53.3 0.276768
53.5 0.278006
53.7 0.279645
53.9 0.281247
54.1 0.283067
54.3 0.284705
54.5 0.286489
54.7 0.287982
54.9 0.289365
55.1 0.290967
55.3 0.292496
55.5 0.29428
55.7 0.295482
55.9 0.29672
56.1 0.298504
56.3 0.299924
56.5 0.301453
56.7 0.302618
56.9 0.304365
57.1 0.305858
57.3 0.307496
57.5 0.309535
57.7 0.310991
57.9 0.312411
58.1 0.313977
58.3 0.315834
58.5 0.317618
58.7 0.318892
58.9 0.320712
59.1 0.322205
59.3 0.323952
59.5 0.325627
59.7 0.32712
59.9 0.328394
60.1 0.329559
60.3 0.330906
60.5 0.332071
60.7 0.333382
60.9 0.334765
61.1 0.336513
61.3 0.338151
61.5 0.339972
61.7 0.341391
61.9 0.342739
62.1 0.344086
62.3 0.345396
62.5 0.346853
62.7 0.3486
62.9 0.350457
63.1 0.352204
63.3 0.354025
63.5 0.355263
63.7 0.356683
63.9 0.35792
64.1 0.359777
64.3 0.361416
64.5 0.362544
64.7 0.364219
64.9 0.36542
65.1 0.36684
65.3 0.368224
65.5 0.369425
65.7 0.371063
65.9 0.372629
66.1 0.374595
66.3 0.376306
66.5 0.37769
66.7 0.3786
66.9 0.380165
67.1 0.381549
67.3 0.383114
67.5 0.384425
67.7 0.386355
67.9 0.387847
68.1 0.389558
68.3 0.391124
68.5 0.392799
68.7 0.394219
68.9 0.395784
69.1 0.397058
69.3 0.398733
69.5 0.400626
69.7 0.402119
69.9 0.403575
70.1 0.405505
70.3 0.406925
70.5 0.408527
70.7 0.410274
70.9 0.411876
71.1 0.413551
71.3 0.414861
71.5 0.416245
71.7 0.417774
71.9 0.419158
72.1 0.420577
72.3 0.421888
72.5 0.423417
72.7 0.424655
72.9 0.425966
73.1 0.427531
73.3 0.429024
73.5 0.43008
73.7 0.431245
73.9 0.432592
74.1 0.433939
74.3 0.435177
74.5 0.436415
74.7 0.437762
74.9 0.439218
75.1 0.440747
75.3 0.442276
75.5 0.443915
75.7 0.445043
75.9 0.446427
76.1 0.448174
76.3 0.449813
76.5 0.451414
76.7 0.453271
76.9 0.4544
77.1 0.455965
77.3 0.457422
77.5 0.459024
77.7 0.460152
77.9 0.462045
78.1 0.463465
78.3 0.46474
78.5 0.466414
78.7 0.467324
78.9 0.468562
79.1 0.470091
79.3 0.47122
79.5 0.473004
79.7 0.474315
79.9 0.475516
80.1 0.477045
80.3 0.478283
80.5 0.480322
80.7 0.48156
80.9 0.482943
81.1 0.484727
81.3 0.486365
81.5 0.487567
81.7 0.48906
81.9 0.491026
82.1 0.492118
82.3 0.492992
82.5 0.494521
82.7 0.496305
82.9 0.497652
83.1 0.499217
83.3 0.500746
83.5 0.502312
83.7 0.503695
83.9 0.505406
84.1 0.506826
84.3 0.508101
84.5 0.509411
84.7 0.511195
84.9 0.512324
85.1 0.513926
85.3 0.514945
85.5 0.516438
85.7 0.518076
85.9 0.519205
86.1 0.520952
86.3 0.522008
86.5 0.523282
86.7 0.524484
86.9 0.525576
87.1 0.526923
87.3 0.528343
87.5 0.529763
87.7 0.531329
87.9 0.532894
88.1 0.533877
88.3 0.535479
88.5 0.53719
88.7 0.538246
88.9 0.539411
89.1 0.540867
89.3 0.542615
89.5 0.543853
89.7 0.545018
89.9 0.546547
90.1 0.547821
90.3 0.54935
90.5 0.550806
90.7 0.552117
90.9 0.55361
91.1 0.554629
91.3 0.556013
91.5 0.557469
91.7 0.55878
91.9 0.56009
92.1 0.561437
92.3 0.562457
92.5 0.563658
92.7 0.564896
92.9 0.566316
93.1 0.567918
93.3 0.568901
93.5 0.570394
93.7 0.571704
93.9 0.573379
94.1 0.574762
94.3 0.575636
94.5 0.577311
94.7 0.578258
94.9 0.57935
95.1 0.580005
95.3 0.580988
95.5 0.582044
95.7 0.583464
95.9 0.584629
96.1 0.586049
96.3 0.587505
96.5 0.588961
96.7 0.589762
96.9 0.591546
97.1 0.592966
97.3 0.594095
97.5 0.595442
97.7 0.596716
97.9 0.597772
98.1 0.598755
98.3 0.600102
98.5 0.601012
98.7 0.60225
98.9 0.603488
99.1 0.604689
99.3 0.605672
99.5 0.60691
99.7 0.608075
99.9 0.609167
100.1 0.610551
100.3 0.611862
100.5 0.613318
100.7 0.614628
100.9 0.616012
101.1 0.617286
101.3 0.618451
101.5 0.619908
101.7 0.620927
101.9 0.622056
102.1 0.623439
102.3 0.624932
102.5 0.626388
102.7 0.627772
102.9 0.629155
103.1 0.630648
103.3 0.63225
103.5 0.633779
103.7 0.635017
103.9 0.636145
104.1 0.637274
104.3 0.638512
104.5 0.639786
104.7 0.641097
104.9 0.642043
105.1 0.643208
105.3 0.644373
105.5 0.64572
105.7 0.646849
105.9 0.648014
106.1 0.64907
106.3 0.650308
106.5 0.651655
106.7 0.652747
106.9 0.654021
107.1 0.655186
107.3 0.656424
107.5 0.658026
107.7 0.659082
107.9 0.660174
108.1 0.661521
108.3 0.662468
108.5 0.66356
108.7 0.664543
108.9 0.66589
109.1 0.667419
109.3 0.668803
109.5 0.670077
109.7 0.67106
109.9 0.67197
110.1 0.673099
110.3 0.674482
110.5 0.675756
110.7 0.676994
110.9 0.677832
111.1 0.678851
111.3 0.680089
111.5 0.681145
111.7 0.682419
111.9 0.683693
112.1 0.685113
112.3 0.686424
112.5 0.687625
112.7 0.688426
112.9 0.689482
113.1 0.69072
113.3 0.69163
113.5 0.693086
113.7 0.694288
113.9 0.695562
114.1 0.696472
114.3 0.697783
114.5 0.698839
114.7 0.700222
114.9 0.70197
115.1 0.702953
115.3 0.704045
115.5 0.705356
115.7 0.706448
115.9 0.707576
116.1 0.708596
116.3 0.709834
116.5 0.710962
116.7 0.711982
116.9 0.712892
117.1 0.714239
117.3 0.716023
117.5 0.71737
117.7 0.718499
117.9 0.719372
118.1 0.720392
118.3 0.721702
118.5 0.723049
118.7 0.724397
118.9 0.725853
119.1 0.726945
119.3 0.727892
119.5 0.729093
119.7 0.730149
119.9 0.73135
120.1 0.732515
120.3 0.734008
120.5 0.735137
120.7 0.736484
120.9 0.73743
121.1 0.739032
121.3 0.740234
121.5 0.74129
121.7 0.742527
121.9 0.743583
122.1 0.744894
122.3 0.745913
122.5 0.747005
122.7 0.747697
122.9 0.748389
123.1 0.749554
123.3 0.750428
123.5 0.751374
123.7 0.752212
123.9 0.753158
124.1 0.753996
124.3 0.754979
124.5 0.755998
124.7 0.757345
124.9 0.758365
125.1 0.759675
125.3 0.760658
125.5 0.761969
125.7 0.763098
125.9 0.763971
126.1 0.7651
126.3 0.766156
126.5 0.766957
126.7 0.767867
126.9 0.768704
127.1 0.769505
127.3 0.770452
127.5 0.77158
127.7 0.772418
127.9 0.773364
128.1 0.774129
128.3 0.775148
128.5 0.776423
128.7 0.777406
128.9 0.778243
129.1 0.779299
129.3 0.780136
129.5 0.780828
129.7 0.781811
129.9 0.782612
130.1 0.783777
130.3 0.785124
130.5 0.785998
130.7 0.787126
130.9 0.787964
131.1 0.788947
131.3 0.790003
131.5 0.790986
131.7 0.792151
131.9 0.792952
132.1 0.79408
132.3 0.794772
132.5 0.795755
132.7 0.796556
132.9 0.797029
133.1 0.798012
133.3 0.798922
133.5 0.800087
133.7 0.800816
133.9 0.801871
134.1 0.802891
134.3 0.803765
134.5 0.804857
134.7 0.805876
134.9 0.806714
135.1 0.807842
135.3 0.808716
135.5 0.809517
135.7 0.810682
135.9 0.811665
136.1 0.812429
136.3 0.813376
136.5 0.814104
136.7 0.815306
136.9 0.816143
137.1 0.817162
137.3 0.818036
137.5 0.819019
137.7 0.819638
137.9 0.820621
138.1 0.821495
138.3 0.822514
138.5 0.823242
138.7 0.824371
138.9 0.825026
139.1 0.825609
139.3 0.826264
139.5 0.827065
139.7 0.827611
139.9 0.828048
140.1 0.828922
140.3 0.829687
140.5 0.830305
140.7 0.831106
140.9 0.832017
141.1 0.833
141.3 0.833801
141.5 0.834419
141.7 0.835257
141.9 0.836203
142.1 0.836968
142.3 0.837878
142.5 0.838788
142.7 0.839444
142.9 0.840063
143.1 0.840791
143.3 0.841847
143.5 0.842393
143.7 0.843012
143.9 0.843703
144.1 0.844832
144.3 0.845742
144.5 0.84647
144.7 0.847198
144.9 0.847927
145.1 0.848764
145.3 0.849383
145.5 0.850075
145.7 0.850621
145.9 0.85124
146.1 0.85215
146.3 0.852805
146.5 0.853424
146.7 0.854116
146.9 0.854844
147.1 0.8559
147.3 0.857174
147.5 0.857939
147.7 0.858485
147.9 0.859104
148.1 0.86005
148.3 0.861142
148.5 0.862344
148.7 0.863108
148.9 0.863691
149.1 0.864456
149.3 0.864856
149.5 0.865657
149.7 0.866167
149.9 0.866822
150.1 0.867951
150.3 0.868934
150.5 0.869807
150.7 0.870208
150.9 0.871154
151.1 0.871883
151.3 0.872611
151.5 0.87363
151.7 0.874358
151.9 0.875305
152.1 0.876252
152.3 0.877016
152.5 0.877526
152.7 0.877999
152.9 0.878618
153.1 0.879164
153.3 0.880111
153.5 0.880766
153.7 0.881239
153.9 0.882259
154.1 0.882841
154.3 0.883351
154.5 0.883788
154.7 0.884662
154.9 0.885208
155.1 0.885681
155.3 0.886118
155.5 0.8867
155.7 0.887574
155.9 0.888521
156.1 0.889431
156.3 0.890159
156.5 0.890851
156.7 0.891506
156.9 0.891943
157.1 0.892598
157.3 0.893472
157.5 0.894237
157.7 0.894928
157.9 0.895438
158.1 0.896093
158.3 0.896603
158.5 0.89704
158.7 0.897841
158.9 0.898424
159.1 0.899188
159.3 0.899698
159.5 0.900098
159.7 0.900572
159.9 0.900936
160.1 0.901809
160.3 0.902756
160.5 0.90363
160.7 0.904249
160.9 0.904758
161.1 0.905268
161.3 0.906251
161.5 0.906979
161.7 0.907635
161.9 0.907999
162.1 0.908654
162.3 0.909273
162.5 0.910001
162.7 0.910693
162.9 0.911457
163.1 0.912003
163.3 0.91255
163.5 0.913023
163.7 0.913278
163.9 0.913787
164.1 0.914443
164.3 0.914952
164.5 0.915426
164.7 0.916081
164.9 0.916736
165.1 0.917137
165.3 0.91761
165.5 0.91812
165.7 0.918739
165.9 0.919358
166.1 0.919722
166.3 0.920304
166.5 0.920814
166.7 0.921178
166.9 0.921688
167.1 0.922161
167.3 0.922598
167.5 0.923144
167.7 0.92369
167.9 0.924164
168.1 0.924637
168.3 0.925147
168.5 0.925583
168.7 0.926093
168.9 0.92653
169.1 0.926967
169.3 0.927549
169.5 0.92795
169.7 0.928605
169.9 0.929042
170.1 0.929479
170.3 0.929916
170.5 0.930316
170.7 0.930862
170.9 0.931481
171.1 0.9321
171.3 0.932574
171.5 0.933083
171.7 0.933593
171.9 0.934248
172.1 0.934794
172.3 0.935086
172.5 0.935741
172.7 0.936178
172.9 0.93676
173.1 0.937343
173.3 0.937962
173.5 0.938253
173.7 0.938617
173.9 0.939091
174.1 0.939564
174.3 0.939892
174.5 0.940401
174.7 0.940692
174.9 0.941166
175.1 0.941493
175.3 0.942003
175.5 0.942476
175.7 0.942695
175.9 0.943241
176.1 0.943641
176.3 0.943933
176.5 0.944333
176.7 0.944661
176.9 0.945025
177.1 0.945607
177.3 0.945972
177.5 0.94659
177.7 0.947027
177.9 0.947464
178.1 0.947938
178.3 0.948374
178.5 0.948921
178.7 0.949248
178.9 0.949576
179.1 0.950158
179.3 0.950595
179.5 0.950959
179.7 0.951433
179.9 0.951979
180.1 0.952525
180.3 0.95278
180.5 0.953035
180.7 0.953435
180.9 0.953799
181.1 0.954272
181.3 0.954746
181.5 0.955146
181.7 0.955619
181.9 0.955984
182.1 0.956384
182.3 0.956675
182.5 0.957039
182.7 0.957513
182.9 0.958022
183.1 0.95835
183.3 0.958787
183.5 0.95926
183.7 0.959733
183.9 0.960025
184.1 0.960534
184.3 0.961044
184.5 0.96159
184.7 0.962136
184.9 0.96261
185.1 0.963192
185.3 0.963629
185.5 0.963884
185.7 0.964212
185.9 0.964576
186.1 0.964831
186.3 0.965231
186.5 0.965449
186.7 0.965741
186.9 0.966178
187.1 0.966687
187.3 0.967124
187.5 0.967379
187.7 0.96767
187.9 0.967889
188.1 0.968071
188.3 0.968508
188.5 0.968799
188.7 0.969345
188.9 0.969527
189.1 0.969964
189.3 0.970255
189.5 0.97051
189.7 0.970729
189.9 0.97102
190.1 0.971529
190.3 0.971857
190.5 0.972403
190.7 0.972804
190.9 0.972986
191.1 0.973423
191.3 0.973896
191.5 0.97426
191.7 0.974624
191.9 0.974879
192.1 0.975025
192.3 0.975207
192.5 0.975389
192.7 0.975461
192.9 0.975753
193.1 0.97608
193.3 0.976408
193.5 0.976699
193.7 0.976918
193.9 0.977282
194.1 0.977609
194.3 0.978083
194.5 0.97841
194.7 0.978629
194.9 0.978993
195.1 0.979357
195.3 0.979466
195.5 0.979685
195.7 0.97994
195.9 0.980267
196.1 0.980668
196.3 0.980959
196.5 0.981068
196.7 0.981323
196.9 0.981432
197.1 0.981687
197.3 0.981978
197.5 0.98227
197.7 0.982524
197.9 0.98267
198.1 0.982961
198.3 0.983435
198.5 0.98369
198.7 0.984054
198.9 0.984272
199.1 0.984527
199.3 0.984855
199.5 0.985219
199.7 0.985291
199.9 0.985546
200.1 0.985692
200.3 0.985874
200.5 0.986129
200.7 0.986274
200.9 0.986493
201.1 0.986784
201.3 0.987003
201.5 0.987075
201.7 0.987257
201.9 0.987294
202.1 0.987403
202.3 0.987694
202.5 0.987986
202.7 0.988168
202.9 0.988313
203.1 0.988422
203.3 0.988677
203.5 0.988823
203.7 0.989151
203.9 0.989333
204.1 0.989624
204.3 0.989697
204.5 0.989988
204.7 0.99017
204.9 0.990388
205.1 0.990716
205.3 0.990825
205.5 0.991117
205.7 0.991371
205.9 0.991517
206.1 0.99159
206.3 0.991626
206.5 0.991881
206.7 0.992136
206.9 0.992464
207.1 0.992464
207.3 0.992791
207.5 0.992901
207.7 0.993046
207.9 0.993119
208.1 0.993374
208.3 0.993519
208.5 0.993811
208.7 0.994066
208.9 0.994211
209.1 0.99443
209.3 0.994648
209.5 0.994757
209.7 0.994939
209.9 0.995085
210.1 0.995231
210.3 0.995303
210.5 0.995485
210.7 0.995704
210.9 0.995995
211.1 0.996032
211.3 0.996214
211.5 0.996286
211.7 0.996286
211.9 0.996396
212.1 0.996505
212.3 0.996651
212.5 0.99676
212.7 0.996869
212.9 0.996978
213.1 0.99716
213.3 0.99716
213.5 0.997306
213.7 0.997488
213.9 0.99767
214.1 0.997816
214.3 0.997925
214.5 0.997961
214.7 0.998034
214.9 0.99818
215.1 0.998434
215.3 0.998507
215.5 0.998544
215.7 0.998689
215.9 0.998726
216.1 0.998908
216.3 0.999017
216.5 0.99909
216.7 0.999235
216.9 0.99949
217.1 0.999563
217.3 0.9996
217.5 0.999636
217.7 0.999672
217.9 0.999782
218.1 0.999891
