-99.9 0
-99.7 0
-99.5 0
-99.3 0
-99.1 0
-98.9 0
-98.7 0
-98.5 0
-98.3 0
-98.1 0
-97.9 0
-97.7 0
-97.5 0
-97.3 0
-97.1 0
-96.9 0
-96.7 0
-96.5 0
-96.3 0
-96.1 0
-95.9 0
-95.7 0
-95.5 0
-95.3 0
-95.1 0
-94.9 0
-94.7 0
-94.5 0
-94.3 0
-94.1 0
-93.9 0
-93.7 0
-93.5 0
-93.3 0
-93.1 0
-92.9 0
-92.7 0
-92.5 0
-92.3 0
-92.1 0
-91.9 0
-91.7 0
-91.5 0
-91.3 0
-91.1 0
-90.9 0
-90.7 0
-90.5 0
-90.3 0
-90.1 0
-89.9 1
-89.7 0
-89.5 0
-89.3 0
-89.1 0
-88.9 0
-88.7 0
-88.5 0
-88.3 0
-88.1 0
-87.9 0
-87.7 0
-87.5 0
-87.3 0
-87.1 0
-86.9 0
-86.7 0
-86.5 0
-86.3 0
-86.1 0
-85.9 0
-85.7 0
-85.5 0
-85.3 0
-85.1 0
-84.9 0
-84.7 0
-84.5 0
-84.3 0
-84.1 0
-83.9 0
-83.7 0
-83.5 0
-83.3 0
-83.1 0
-82.9 0
-82.7 0
-82.5 0
-82.3 0
-82.1 0
-81.9 0
-81.7 0
-81.5 0
-81.3 0
-81.1 0
-80.9 0
-80.7 0
-80.5 0
-80.3 0
-80.1 0
-79.9 0
-79.7 0
-79.5 0
-79.3 0
-79.1 0
-78.9 0
-78.7 0
-78.5 0
-78.3 0
-78.1 0
-77.9 0
-77.7 0
-77.5 0
-77.3 0
-77.1 0
-76.9 0
-76.7 0
-76.5 0
-76.3 0
-76.1 1
-75.9 0
-75.7 0
-75.5 0
-75.3 0
-75.1 0
-74.9 0
-74.7 0
-74.5 0
-74.3 0
-74.1 0
-73.9 0
-73.7 0
-73.5 0
-73.3 0
-73.1 0
-72.9 0
-72.7 0
-72.5 0
-72.3 0
-72.1 0
-71.9 0
-71.7 0
-71.5 0
-71.3 0
-71.1 0
-70.9 0
-70.7 0
-70.5 0
-70.3 0
-70.1 0
-69.9 0
-69.7 1
-69.5 0
-69.3 0
-69.1 0
-68.9 0
-68.7 0
-68.5 0
-68.3 0
-68.1 0
-67.9 0
-67.7 0
-67.5 0
-67.3 0
-67.1 0
-66.9 0
-66.7 0
-66.5 0
-66.3 0
-66.1 0
-65.9 0
-65.7 0
-65.5 0
-65.3 0
-65.1 0
-64.9 0
-64.7 0
-64.5 0
-64.3 0
-64.1 0
-63.9 0
-63.7 0
-63.5 0
-63.3 0
-63.1 0
-62.9 0
-62.7 0
-62.5 0
-62.3 0
-62.1 0
-61.9 0
-61.7 0
-61.5 0
-61.3 0
-61.1 0
-60.9 0
-60.7 0
-60.5 0
-60.3 0
-60.1 0
-59.9 0
-59.7 0
-59.5 0
-59.3 0
-59.1 0
-58.9 0
-58.7 0
-58.5 0
-58.3 0
-58.1 0
-57.9 0
-57.7 0
-57.5 0
-57.3 0
-57.1 0
-56.9 0
-56.7 0
-56.5 0
-56.3 0
-56.1 0
-55.9 0
-55.7 0
-55.5 0
-55.3 0
-55.1 0
-54.9 0
-54.7 0
-54.5 0
-54.3 0
-54.1 0
-53.9 0
-53.7 0
-53.5 0
-53.3 0
-53.1 0
-52.9 0
-52.7 0
-52.5 0
-52.3 0
-52.1 0
-51.9 0
-51.7 0
-51.5 0
-51.3 0
-51.1 0
-50.9 0
-50.7 1
-50.5 1
-50.3 0
-50.1 0
-49.9 0
-49.7 0
-49.5 0
-49.3 0
-49.1 0
-48.9 1
-48.7 0
-48.5 0
-48.3 0
-48.1 0
-47.9 0
-47.7 0
-47.5 0
-47.3 0
-47.1 0
-46.9 0
-46.7 0
-46.5 0
-46.3 0
-46.1 1
-45.9 0
-45.7 0
-45.5 0
-45.3 0
-45.1 0
-44.9 0
-44.7 0
-44.5 0
-44.3 0
-44.1 0
-43.9 0
-43.7 0
-43.5 0
-43.3 0
-43.1 0
-42.9 0
-42.7 1
-42.5 0
-42.3 0
-42.1 0
-41.9 0
-41.7 0
-41.5 0
-41.3 0
-41.1 0
-40.9 0
-40.7 0
-40.5 0
-40.3 0
-40.1 0
-39.9 0
-39.7 1
-39.5 0
-39.3 0
-39.1 1
-38.9 0
-38.7 4
-38.5 0
-38.3 6
-38.1 5
-37.9 9
-37.7 16
-37.5 7
-37.3 12
-37.1 25
-36.9 30
-36.7 46
-36.5 44
-36.3 68
-36.1 77
-35.9 88
-35.7 101
-35.5 107
-35.3 112
-35.1 130
-34.9 119
-34.7 152
-34.5 141
-34.3 134
-34.1 143
-33.9 135
-33.7 145
-33.5 162
-33.3 158
-33.1 142
-32.9 153
-32.7 165
-32.5 124
-32.3 146
-32.1 116
-31.9 113
-31.7 130
-31.5 131
-31.3 113
-31.1 101
-30.9 116
-30.7 91
-30.5 109
-30.3 133
-30.1 101
-29.9 114
-29.7 120
-29.5 116
-29.3 111
-29.1 105
-28.9 113
-28.7 113
-28.5 103
-28.3 123
-28.1 100
-27.9 115
-27.7 112
-27.5 122
-27.3 96
-27.1 102
-26.9 101
-26.7 88
-26.5 89
-26.3 103
-26.1 106
-25.9 106
-25.7 95
-25.5 112
-25.3 96
-25.1 92
-24.9 115
-24.7 103
-24.5 90
-24.3 103
-24.1 115
-23.9 102
-23.7 104
-23.5 97
-23.3 93
-23.1 77
-22.9 87
-22.7 89
-22.5 106
-22.3 92
-22.1 115
-21.9 105
-21.7 108
-21.5 102
-21.3 106
-21.1 113
-20.9 93
-20.7 108
-20.5 112
-20.3 102
-20.1 87
-19.9 98
-19.7 115
-19.5 95
-19.3 81
-19.1 110
-18.9 106
-18.7 88
-18.5 107
-18.3 95
-18.1 114
-17.9 99
-17.7 114
-17.5 104
-17.3 120
-17.1 113
-16.9 113
-16.7 87
-16.5 96
-16.3 116
-16.1 86
-15.9 89
-15.7 120
-15.5 90
-15.3 93
-15.1 69
-14.9 90
-14.7 104
-14.5 117
-14.3 94
-14.1 87
-13.9 110
-13.7 90
-13.5 98
-13.3 98
-13.1 97
-12.9 96
-12.7 99
-12.5 101
-12.3 89
-12.1 102
-11.9 99
-11.7 96
-11.5 96
-11.3 94
-11.1 109
-10.9 111
-10.7 117
-10.5 107
-10.3 91
-10.1 99
-9.9 99
-9.7 122
-9.5 88
-9.3 109
-9.1 96
-8.9 110
-8.7 112
-8.5 110
-8.3 91
-8.1 105
-7.9 82
-7.7 103
-7.5 94
-7.3 119
-7.1 97
-6.9 83
-6.7 96
-6.5 99
-6.3 100
-6.1 91
-5.9 104
-5.7 108
-5.5 103
-5.3 114
-5.1 89
-4.9 100
-4.7 94
-4.5 121
-4.3 96
-4.1 101
-3.9 102
-3.7 99
-3.5 107
-3.3 110
-3.1 94
-2.9 108
-2.7 105
-2.5 92
-2.3 114
-2.1 105
-1.9 96
-1.7 92
-1.5 100
-1.3 115
-1.1 91
-0.9 90
-0.7 94
-0.5 101
-0.3 102
-0.1 92
0.1 95
0.3 103
0.5 116
0.7 109
0.9 97
1.1 101
1.3 94
1.5 108
1.7 97
1.9 101
2.1 89
2.3 103
2.5 106
2.7 101
2.9 90
3.1 87
3.3 114
3.5 95
3.7 90
3.9 98
4.1 109
4.3 82
4.5 109
4.7 100
4.9 94
5.1 93
5.3 100
5.5 80
5.7 101
5.9 100
6.1 103
6.3 94
6.5 96
6.7 115
6.9 95
7.1 96
7.3 102
7.5 110
7.7 96
7.9 94
8.1 85
8.3 110
8.5 106
8.7 99
8.9 98
9.1 97
9.3 102
9.5 113
9.7 109
9.9 102
10.1 103
10.3 94
10.5 102
10.7 119
10.9 79
11.1 83
11.3 106
11.5 103
11.7 97
11.9 93
12.1 107
12.3 91
12.5 96
12.7 77
12.9 93
13.1 89
13.3 84
13.5 87
13.7 80
13.9 93
14.1 110
14.3 111
14.5 87
14.7 99
14.9 111
15.1 94
15.3 107
15.5 88
15.7 92
15.9 98
16.1 96
16.3 95
16.5 94
16.7 82
16.9 109
17.1 88
17.3 103
17.5 103
17.7 91
17.9 95
18.1 105
18.3 131
18.5 108
18.7 97
18.9 108
19.1 107
19.3 115
19.5 94
19.7 83
19.9 101
20.1 115
20.3 99
20.5 100
20.7 106
20.9 97
21.1 85
21.3 110
21.5 118
21.7 101
21.9 103
22.1 93
22.3 106
22.5 104
22.7 75
22.9 95
23.1 102
23.3 81
23.5 93
23.7 84
23.9 110
24.1 104
24.3 83
24.5 102
24.7 82
24.9 105
25.1 107
25.3 100
25.5 91
25.7 74
25.9 99
26.1 101
26.3 121
26.5 86
26.7 109
26.9 99
27.1 116
27.3 107
27.5 93
27.7 102
27.9 91
28.1 99
28.3 82
28.5 100
28.7 100
28.9 108
29.1 103
29.3 102
29.5 102
29.7 113
29.9 104
30.1 84
30.3 91
30.5 92
30.7 88
30.9 91
31.1 92
31.3 112
31.5 107
31.7 92
31.9 108
32.1 83
32.3 79
32.5 97
32.7 97
32.9 97
33.1 109
33.3 100
33.5 93
33.7 109
33.9 98
34.1 103
34.3 103
34.5 97
34.7 94
34.9 102
35.1 93
35.3 89
35.5 98
35.7 94
35.9 75
36.1 104
36.3 115
36.5 106
36.7 104
36.9 92
37.1 109
37.3 101
37.5 91
37.7 112
37.9 99
38.1 87
38.3 106
38.5 94
38.7 95
38.9 89
39.1 116
39.3 97
39.5 92
39.7 90
39.9 105
40.1 93
40.3 92
40.5 106
40.7 90
40.9 87
41.1 92
41.3 106
41.5 106
41.7 90
41.9 101
42.1 106
42.3 92
42.5 90
42.7 94
42.9 96
43.1 99
43.3 97
43.5 95
43.7 88
43.9 104
44.1 93
44.3 100
44.5 74
44.7 104
44.9 96
45.1 89
45.3 86
45.5 87
45.7 97
45.9 94
46.1 105
46.3 90
46.5 90
46.7 94
46.9 98
47.1 109
47.3 103
47.5 84
47.7 113
47.9 104
48.1 107
48.3 80
48.5 106
48.7 104
48.9 82
49.1 99
49.3 101
49.5 85
49.7 99
49.9 104
50.1 84
50.3 95
50.5 105
50.7 90
50.9 107
51.1 92
51.3 85
51.5 92
51.7 89
51.9 101
52.1 105
52.3 109
52.5 101
52.7 100
52.9 94
53.1 111
53.3 96
53.5 85
53.7 95
53.9 86
54.1 90
54.3 99
54.5 84
54.7 95
54.9 81
55.1 96
55.3 105
55.5 95
55.7 98
55.9 87
56.1 89
56.3 96
56.5 90
56.7 103
56.9 103
57.1 96
57.3 83
57.5 99
57.7 77
57.9 93
58.1 86
58.3 99
58.5 93
58.7 85
58.9 86
59.1 94
59.3 78
59.5 94
59.7 82
59.9 75
60.1 103
60.3 90
60.5 78
60.7 76
60.9 84
61.1 103
61.3 93
61.5 86
61.7 83
61.9 85
62.1 101
62.3 94
62.5 106
62.7 78
62.9 97
63.1 88
63.3 76
63.5 92
63.7 89
63.9 104
64.1 105
64.3 87
64.5 61
64.7 91
64.9 88
65.1 81
65.3 79
65.5 92
65.7 108
65.9 107
66.1 98
66.3 92
66.5 92
66.7 89
66.9 86
67.1 117
67.3 79
67.5 90
67.7 84
67.9 92
68.1 82
68.3 93
68.5 93
68.7 75
68.9 88
69.1 91
69.3 103
69.5 103
69.7 94
69.9 100
70.1 90
70.3 93
70.5 72
70.7 101
70.9 96
71.1 91
71.3 94
71.5 101
71.7 103
71.9 90
72.1 76
72.3 91
72.5 95
72.7 96
72.9 79
73.1 85
73.3 88
73.5 95
73.7 88
73.9 110
74.1 77
74.3 85
74.5 98
74.7 91
74.9 92
75.1 95
75.3 83
75.5 99
75.7 82
75.9 95
76.1 88
76.3 113
76.5 82
76.7 84
76.9 88
77.1 84
77.3 76
77.5 106
77.7 97
77.9 74
78.1 82
78.3 88
78.5 106
78.7 97
78.9 78
79.1 80
79.3 83
79.5 91
79.7 93
79.9 89
80.1 84
80.3 87
80.5 89
80.7 110
80.9 88
81.1 73
81.3 87
81.5 96
81.7 76
81.9 83
82.1 76
82.3 96
82.5 105
82.7 73
82.9 89
83.1 98
83.3 83
83.5 96
83.7 88
83.9 89
84.1 77
84.3 85
84.5 96
84.7 103
84.9 89
85.1 92
85.3 81
85.5 87
85.7 82
85.9 89
86.1 87
86.3 80
86.5 92
86.7 93
86.9 80
87.1 79
87.3 82
87.5 100
87.7 79
87.9 82
88.1 89
88.3 105
88.5 80
88.7 81
88.9 66
89.1 86
89.3 104
89.5 92
89.7 90
89.9 88
90.1 95
90.3 72
90.5 80
90.7 86
90.9 86
91.1 72
91.3 82
91.5 101
91.7 99
91.9 88
92.1 84
92.3 90
92.5 78
92.7 90
92.9 90
93.1 74
93.3 88
93.5 72
93.7 85
93.9 85
94.1 87
94.3 91
94.5 90
94.7 89
94.9 94
95.1 76
95.3 95
95.5 80
95.7 96
95.9 78
96.1 87
96.3 79
96.5 85
96.7 82
96.9 76
97.1 85
97.3 94
97.5 83
97.7 79
97.9 84
98.1 83
98.3 77
98.5 92
98.7 98
98.9 70
99.1 88
99.3 66
99.5 81
99.7 79
99.9 83
100.1 83
100.3 74
100.5 89
100.7 105
100.9 94
101.1 74
101.3 69
101.5 89
101.7 84
101.9 62
102.1 84
102.3 70
102.5 72
102.7 84
102.9 68
103.1 67
103.3 77
103.5 95
103.7 96
103.9 81
104.1 71
104.3 51
104.5 67
104.7 82
104.9 83
105.1 74
105.3 75
105.5 91
105.7 71
105.9 70
106.1 81
106.3 67
106.5 80
106.7 61
106.9 64
107.1 86
107.3 85
107.5 83
107.7 85
107.9 82
108.1 77
108.3 81
108.5 81
108.7 86
108.9 74
109.1 77
109.3 63
109.5 87
109.7 65
109.9 78
110.1 77
110.3 61
110.5 79
110.7 83
110.9 76
111.1 89
111.3 82
111.5 69
111.7 65
111.9 66
112.1 92
112.3 66
112.5 81
112.7 75
112.9 74
113.1 71
113.3 78
113.5 77
113.7 75
113.9 58
114.1 68
114.3 68
114.5 63
114.7 69
114.9 88
115.1 94
115.3 71
115.5 72
115.7 73
115.9 86
116.1 61
116.3 82
116.5 69
116.7 81
116.9 61
117.1 72
117.3 84
117.5 78
117.7 59
117.9 76
118.1 69
118.3 67
118.5 65
118.7 78
118.9 74
119.1 71
119.3 74
119.5 70
119.7 60
119.9 71
120.1 78
120.3 73
120.5 64
120.7 62
120.9 77
121.1 80
121.3 80
121.5 89
121.7 78
121.9 89
122.1 76
122.3 73
122.5 78
122.7 86
122.9 61
123.1 66
123.3 57
123.5 70
123.7 62
123.9 60
124.1 78
124.3 86
124.5 68
124.7 67
124.9 51
125.1 86
125.3 59
125.5 76
125.7 66
125.9 68
126.1 49
126.3 66
126.5 63
126.7 71
126.9 63
127.1 53
127.3 75
127.5 67
127.7 71
127.9 69
128.1 51
128.3 57
128.5 78
128.7 58
128.9 71
129.1 71
129.3 60
129.5 55
129.7 67
129.9 63
130.1 63
130.3 77
130.5 77
130.7 72
130.9 59
131.1 51
131.3 66
131.5 57
131.7 79
131.9 65
132.1 63
132.3 78
132.5 70
132.7 59
132.9 63
133.1 64
133.3 44
133.5 74
133.7 73
133.9 64
134.1 52
134.3 59
134.5 44
134.7 50
134.9 66
135.1 64
135.3 60
135.5 50
135.7 65
135.9 53
136.1 57
136.3 48
136.5 46
136.7 77
136.9 58
137.1 59
137.3 61
137.5 57
137.7 54
137.9 56
138.1 52
138.3 48
138.5 46
138.7 49
138.9 50
139.1 39
139.3 49
139.5 37
139.7 48
139.9 51
140.1 45
140.3 46
140.5 52
140.7 46
140.9 51
141.1 53
141.3 52
141.5 65
141.7 39
141.9 51
142.1 43
142.3 51
142.5 44
142.7 47
142.9 41
143.1 42
143.3 42
143.5 44
143.7 47
143.9 37
144.1 39
144.3 41
144.5 39
144.7 39
144.9 39
145.1 45
145.3 38
145.5 32
145.7 36
145.9 36
146.1 28
146.3 33
146.5 22
146.7 24
146.9 33
147.1 34
147.3 29
147.5 38
147.7 32
147.9 23
148.1 23
148.3 26
148.5 25
148.7 34
148.9 28
149.1 31
149.3 28
149.5 22
149.7 30
149.9 31
150.1 30
150.3 24
150.5 23
150.7 16
150.9 29
151.1 19
151.3 21
151.5 16
151.7 20
151.9 29
152.1 23
152.3 20
152.5 17
152.7 13
152.9 18
153.1 20
153.3 17
153.5 19
153.7 14
153.9 20
154.1 8
154.3 11
154.5 13
154.7 22
154.9 12
155.1 8
155.3 13
155.5 14
155.7 7
155.9 11
156.1 10
156.3 8
156.5 16
156.7 11
156.9 10
157.1 11
157.3 8
157.5 8
157.7 12
157.9 11
158.1 10
158.3 6
158.5 12
158.7 4
158.9 8
159.1 5
159.3 5
159.5 3
159.7 7
159.9 8
160.1 3
160.3 2
160.5 5
160.7 5
160.9 6
161.1 6
161.3 6
161.5 3
161.7 3
161.9 5
162.1 6
162.3 4
162.5 2
162.7 3
162.9 3
163.1 2
163.3 2
163.5 1
163.7 2
163.9 2
164.1 2
164.3 4
164.5 4
164.7 2
164.9 2
165.1 2
165.3 1
165.5 3
165.7 2
165.9 4
166.1 1
166.3 2
166.5 2
166.7 3
166.9 2
167.1 4
167.3 1
167.5 1
167.7 1
167.9 1
168.1 1
168.3 0
168.5 0
168.7 0
168.9 0
169.1 4
169.3 0
169.5 2
169.7 0
169.9 0
