-99.9 0
-99.7 0
-99.5 0
-99.3 0
-99.1 0
-98.9 0
-98.7 0
-98.5 0
-98.3 0
-98.1 0
-97.9 0
-97.7 0
-97.5 0
-97.3 0
-97.1 0
-96.9 0
-96.7 0
-96.5 0
-96.3 0
-96.1 0
-95.9 0
-95.7 0
-95.5 0
-95.3 0
-95.1 0
-94.9 0
-94.7 0
-94.5 0
-94.3 0
-94.1 0
-93.9 0
-93.7 0
-93.5 0
-93.3 0
-93.1 0
-92.9 0
-92.7 0
-92.5 0
-92.3 0
-92.1 0
-91.9 0
-91.7 0
-91.5 0
-91.3 0
-91.1 0
-90.9 0
-90.7 0
-90.5 0
-90.3 0
-90.1 1
-89.9 0
-89.7 0
-89.5 0
-89.3 0
-89.1 0
-88.9 0
-88.7 0
-88.5 0
-88.3 0
-88.1 0
-87.9 0
-87.7 1
-87.5 0
-87.3 0
-87.1 0
-86.9 0
-86.7 0
-86.5 0
-86.3 0
-86.1 0
-85.9 0
-85.7 0
-85.5 0
-85.3 0
-85.1 0
-84.9 0
-84.7 0
-84.5 0
-84.3 0
-84.1 0
-83.9 0
-83.7 0
-83.5 0
-83.3 0
-83.1 0
-82.9 0
-82.7 0
-82.5 0
-82.3 0
-82.1 0
-81.9 0
-81.7 0
-81.5 0
-81.3 0
-81.1 0
-80.9 0
-80.7 0
-80.5 0
-80.3 0
-80.1 0
-79.9 0
-79.7 0
-79.5 0
-79.3 0
-79.1 0
-78.9 0
-78.7 0
-78.5 0
-78.3 0
-78.1 0
-77.9 0
-77.7 0
-77.5 0
-77.3 0
-77.1 0
-76.9 0
-76.7 0
-76.5 0
-76.3 0
-76.1 0
-75.9 0
-75.7 0
-75.5 0
-75.3 0
-75.1 0
-74.9 0
-74.7 1
-74.5 0
-74.3 0
-74.1 0
-73.9 0
-73.7 0
-73.5 0
-73.3 0
-73.1 0
-72.9 0
-72.7 0
-72.5 0
-72.3 0
-72.1 0
-71.9 0
-71.7 0
-71.5 0
-71.3 0
-71.1 0
-70.9 0
-70.7 0
-70.5 0
-70.3 0
-70.1 0
-69.9 0
-69.7 0
-69.5 0
-69.3 0
-69.1 0
-68.9 0
-68.7 0
-68.5 0
-68.3 0
-68.1 0
-67.9 0
-67.7 1
-67.5 0
-67.3 0
-67.1 0
-66.9 0
-66.7 0
-66.5 0
-66.3 0
-66.1 0
-65.9 0
-65.7 0
-65.5 0
-65.3 0
-65.1 0
-64.9 0
-64.7 0
-64.5 0
-64.3 0
-64.1 0
-63.9 0
-63.7 0
-63.5 0
-63.3 0
-63.1 0
-62.9 0
-62.7 0
-62.5 0
-62.3 0
-62.1 0
-61.9 0
-61.7 0
-61.5 0
-61.3 0
-61.1 0
-60.9 0
-60.7 0
-60.5 0
-60.3 0
-60.1 0
-59.9 0
-59.7 0
-59.5 0
-59.3 0
-59.1 0
-58.9 0
-58.7 0
-58.5 0
-58.3 0
-58.1 0
-57.9 0
-57.7 0
-57.5 0
-57.3 0
-57.1 0
-56.9 0
-56.7 0
-56.5 0
-56.3 0
-56.1 0
-55.9 0
-55.7 0
-55.5 0
-55.3 0
-55.1 0
-54.9 0
-54.7 0
-54.5 0
-54.3 0
-54.1 0
-53.9 0
-53.7 0
-53.5 0
-53.3 1
-53.1 0
-52.9 0
-52.7 0
-52.5 0
-52.3 0
-52.1 0
-51.9 0
-51.7 0
-51.5 0
-51.3 0
-51.1 0
-50.9 0
-50.7 0
-50.5 0
-50.3 0
-50.1 0
-49.9 0
-49.7 0
-49.5 0
-49.3 0
-49.1 0
-48.9 0
-48.7 0
-48.5 0
-48.3 0
-48.1 0
-47.9 0
-47.7 0
-47.5 0
-47.3 0
-47.1 0
-46.9 0
-46.7 0
-46.5 0
-46.3 0
-46.1 0
-45.9 0
-45.7 0
-45.5 0
-45.3 0
-45.1 0
-44.9 0
-44.7 0
-44.5 0
-44.3 0
-44.1 1
-43.9 0
-43.7 0
-43.5 0
-43.3 0
-43.1 0
-42.9 0
-42.7 0
-42.5 0
-42.3 0
-42.1 0
-41.9 0
-41.7 0
-41.5 0
-41.3 1
-41.1 1
-40.9 2
-40.7 0
-40.5 1
-40.3 0
-40.1 1
-39.9 0
-39.7 0
-39.5 2
-39.3 2
-39.1 3
-38.9 0
-38.7 2
-38.5 3
-38.3 11
-38.1 4
-37.9 14
-37.7 27
-37.5 26
-37.3 37
-37.1 43
-36.9 63
-36.7 73
-36.5 85
-36.3 115
-36.1 94
-35.9 115
-35.7 114
-35.5 130
-35.3 155
-35.1 146
-34.9 144
-34.7 128
-34.5 151
-34.3 151
-34.1 138
-33.9 132
-33.7 133
-33.5 138
-33.3 128
-33.1 112
-32.9 142
-32.7 141
-32.5 129
-32.3 129
-32.1 121
-31.9 112
-31.7 118
-31.5 99
-31.3 106
-31.1 115
-30.9 90
-30.7 104
-30.5 101
-30.3 108
-30.1 114
-29.9 103
-29.7 99
-29.5 111
-29.3 116
-29.1 113
-28.9 114
-28.7 98
-28.5 119
-28.3 110
-28.1 95
-27.9 99
-27.7 102
-27.5 114
-27.3 110
-27.1 131
-26.9 109
-26.7 100
-26.5 86
-26.3 115
-26.1 105
-25.9 103
-25.7 114
-25.5 103
-25.3 95
-25.1 92
-24.9 116
-24.7 106
-24.5 82
-24.3 86
-24.1 119
-23.9 91
-23.7 98
-23.5 111
-23.3 91
-23.1 100
-22.9 110
-22.7 80
-22.5 104
-22.3 106
-22.1 105
-21.9 97
-21.7 85
-21.5 85
-21.3 92
-21.1 101
-20.9 106
-20.7 104
-20.5 105
-20.3 105
-20.1 98
-19.9 80
-19.7 114
-19.5 101
-19.3 99
-19.1 92
-18.9 91
-18.7 96
-18.5 105
-18.3 108
-18.1 105
-17.9 110
-17.7 111
-17.5 93
-17.3 102
-17.1 107
-16.9 89
-16.7 94
-16.5 85
-16.3 101
-16.1 108
-15.9 97
-15.7 108
-15.5 114
-15.3 99
-15.1 91
-14.9 95
-14.7 114
-14.5 98
-14.3 102
-14.1 102
-13.9 101
-13.7 94
-13.5 96
-13.3 90
-13.1 80
-12.9 93
-12.7 94
-12.5 109
-12.3 87
-12.1 97
-11.9 92
-11.7 107
-11.5 100
-11.3 86
-11.1 95
-10.9 102
-10.7 108
-10.5 79
-10.3 95
-10.1 101
-9.9 114
-9.7 110
-9.5 110
-9.3 106
-9.1 111
-8.9 84
-8.7 96
-8.5 98
-8.3 101
-8.1 104
-7.9 98
-7.7 90
-7.5 93
-7.3 84
-7.1 104
-6.9 100
-6.7 98
-6.5 114
-6.3 126
-6.1 95
-5.9 96
-5.7 86
-5.5 92
-5.3 97
-5.1 114
-4.9 97
-4.7 95
-4.5 88
-4.3 112
-4.1 99
-3.9 118
-3.7 109
-3.5 96
-3.3 74
-3.1 97
-2.9 79
-2.7 100
-2.5 115
-2.3 122
-2.1 107
-1.9 112
-1.7 85
-1.5 97
-1.3 100
-1.1 113
-0.9 93
-0.7 97
-0.5 95
-0.3 96
-0.1 105
0.1 84
0.3 95
0.5 98
0.7 84
0.9 96
1.1 110
1.3 111
1.5 92
1.7 101
1.9 97
2.1 109
2.3 104
2.5 96
2.7 113
2.9 96
3.1 97
3.3 114
3.5 103
3.7 103
3.9 104
4.1 107
4.3 106
4.5 99
4.7 90
4.9 85
5.1 105
5.3 86
5.5 91
5.7 93
5.9 84
6.1 102
6.3 124
6.5 75
6.7 76
6.9 102
7.1 95
7.3 85
7.5 115
7.7 73
7.9 91
8.1 91
8.3 94
8.5 100
8.7 86
8.9 94
9.1 83
9.3 97
9.5 100
9.7 92
9.9 105
10.1 105
10.3 86
10.5 92
10.7 106
10.9 102
11.1 107
11.3 99
11.5 88
11.7 103
11.9 109
12.1 101
12.3 91
12.5 96
12.7 95
12.9 106
13.1 96
13.3 78
13.5 96
13.7 111
13.9 90
14.1 102
14.3 111
14.5 97
14.7 106
14.9 79
15.1 81
15.3 107
15.5 94
15.7 125
15.9 88
16.1 104
16.3 98
16.5 100
16.7 100
16.9 87
17.1 108
17.3 97
17.5 113
17.7 104
17.9 100
18.1 93
18.3 93
18.5 93
18.7 101
18.9 97
19.1 99
19.3 100
19.5 78
19.7 86
19.9 74
20.1 95
20.3 112
20.5 115
20.7 106
20.9 93
21.1 110
21.3 89
21.5 92
21.7 95
21.9 101
22.1 81
22.3 95
22.5 83
22.7 103
22.9 90
23.1 100
23.3 88
23.5 74
23.7 88
23.9 85
24.1 110
24.3 84
24.5 78
24.7 92
24.9 75
25.1 80
25.3 104
25.5 114
25.7 95
25.9 87
26.1 108
26.3 77
26.5 91
26.7 108
26.9 81
27.1 101
27.3 73
27.5 102
27.7 110
27.9 86
28.1 94
28.3 100
28.5 105
28.7 102
28.9 94
29.1 101
29.3 85
29.5 97
29.7 105
29.9 80
30.1 91
30.3 82
30.5 92
30.7 90
30.9 71
31.1 100
31.3 82
31.5 90
31.7 96
31.9 94
32.1 102
32.3 99
32.5 96
32.7 85
32.9 110
33.1 100
33.3 92
33.5 75
33.7 90
33.9 94
34.1 111
34.3 114
34.5 109
34.7 103
34.9 84
35.1 82
35.3 107
35.5 89
35.7 99
35.9 98
36.1 68
36.3 103
36.5 85
36.7 101
36.9 81
37.1 94
37.3 102
37.5 104
37.7 85
37.9 89
38.1 107
38.3 99
38.5 110
38.7 98
38.9 89
39.1 108
39.3 109
39.5 84
39.7 100
39.9 81
40.1 93
40.3 111
40.5 91
40.7 94
40.9 102
41.1 84
41.3 100
41.5 93
41.7 75
41.9 99
42.1 96
42.3 96
42.5 94
42.7 90
42.9 108
43.1 68
43.3 93
43.5 84
43.7 102
43.9 87
44.1 101
44.3 91
44.5 93
44.7 99
44.9 89
45.1 96
45.3 100
45.5 91
45.7 100
45.9 99
46.1 84
46.3 86
46.5 87
46.7 77
46.9 105
47.1 88
47.3 90
47.5 93
47.7 104
47.9 95
48.1 109
48.3 92
48.5 92
48.7 110
48.9 95
49.1 107
49.3 87
49.5 101
49.7 97
49.9 97
50.1 97
50.3 84
50.5 113
50.7 96
50.9 114
51.1 97
51.3 100
51.5 94
51.7 92
51.9 94
52.1 86
52.3 88
52.5 84
52.7 88
52.9 93
53.1 100
53.3 93
53.5 96
53.7 88
53.9 92
54.1 95
54.3 89
54.5 99
54.7 75
54.9 94
55.1 86
55.3 101
55.5 88
55.7 86
55.9 93
56.1 93
56.3 93
56.5 71
56.7 84
56.9 80
57.1 107
57.3 63
57.5 80
57.7 88
57.9 86
58.1 93
58.3 97
58.5 115
58.7 79
58.9 78
59.1 75
59.3 89
59.5 85
59.7 80
59.9 80
60.1 103
60.3 70
60.5 106
60.7 82
60.9 81
61.1 95
61.3 98
61.5 83
61.7 92
61.9 93
62.1 79
62.3 94
62.5 91
62.7 73
62.9 96
63.1 80
63.3 109
63.5 82
63.7 85
63.9 87
64.1 101
64.3 77
64.5 83
64.7 83
64.9 78
65.1 84
65.3 76
65.5 94
65.7 88
65.9 74
66.1 90
66.3 87
66.5 87
66.7 93
66.9 94
67.1 89
67.3 78
67.5 93
67.7 92
67.9 87
68.1 84
68.3 87
68.5 93
68.7 96
68.9 103
69.1 92
69.3 103
69.5 89
69.7 88
69.9 80
70.1 77
70.3 68
70.5 92
70.7 95
70.9 81
71.1 82
71.3 96
71.5 96
71.7 84
71.9 106
72.1 96
72.3 83
72.5 86
72.7 95
72.9 105
73.1 70
73.3 79
73.5 66
73.7 77
73.9 88
74.1 80
74.3 88
74.5 90
74.7 82
74.9 78
75.1 80
75.3 96
75.5 92
75.7 77
75.9 89
76.1 85
76.3 84
76.5 74
76.7 91
76.9 101
77.1 78
77.3 92
77.5 82
77.7 95
77.9 84
78.1 66
78.3 83
78.5 90
78.7 87
78.9 87
79.1 78
79.3 89
79.5 90
79.7 85
79.9 91
80.1 98
80.3 81
80.5 89
80.7 84
80.9 87
81.1 83
81.3 77
81.5 81
81.7 80
81.9 66
82.1 94
82.3 79
82.5 106
82.7 72
82.9 70
83.1 72
83.3 80
83.5 83
83.7 101
83.9 90
84.1 83
84.3 89
84.5 75
84.7 79
84.9 94
85.1 69
85.3 57
85.5 80
85.7 72
85.9 82
86.1 88
86.3 74
86.5 65
86.7 85
86.9 80
87.1 94
87.3 88
87.5 76
87.7 84
87.9 75
88.1 85
88.3 77
88.5 80
88.7 79
88.9 64
89.1 71
89.3 78
89.5 81
89.7 90
89.9 91
90.1 87
90.3 81
90.5 80
90.7 99
90.9 78
91.1 87
91.3 83
91.5 86
91.7 84
91.9 82
92.1 86
92.3 73
92.5 91
92.7 81
92.9 86
93.1 67
93.3 94
93.5 82
93.7 78
93.9 87
94.1 81
94.3 93
94.5 64
94.7 68
94.9 90
95.1 72
95.3 79
95.5 72
95.7 85
95.9 93
96.1 72
96.3 60
96.5 84
96.7 71
96.9 76
97.1 82
97.3 90
97.5 66
97.7 73
97.9 75
98.1 84
98.3 80
98.5 73
98.7 76
98.9 79
99.1 77
99.3 72
99.5 81
99.7 75
99.9 62
100.1 80
100.3 64
100.5 72
100.7 99
100.9 79
101.1 58
101.3 72
101.5 99
101.7 84
101.9 68
102.1 66
102.3 75
102.5 71
102.7 78
102.9 73
103.1 74
103.3 71
103.5 66
103.7 70
103.9 67
104.1 83
104.3 73
104.5 77
104.7 75
104.9 80
105.1 89
105.3 87
105.5 82
105.7 77
105.9 86
106.1 77
106.3 78
106.5 71
106.7 84
106.9 84
107.1 84
107.3 85
107.5 90
107.7 76
107.9 76
108.1 79
108.3 86
108.5 71
108.7 71
108.9 78
109.1 77
109.3 66
109.5 73
109.7 102
109.9 85
110.1 64
110.3 60
110.5 77
110.7 82
110.9 67
111.1 82
111.3 69
111.5 81
111.7 60
111.9 77
112.1 68
112.3 77
112.5 64
112.7 89
112.9 72
113.1 56
113.3 77
113.5 78
113.7 74
113.9 77
114.1 71
114.3 67
114.5 85
114.7 74
114.9 70
115.1 84
115.3 71
115.5 68
115.7 79
115.9 71
116.1 67
116.3 61
116.5 66
116.7 61
116.9 83
117.1 67
117.3 71
117.5 68
117.7 67
117.9 73
118.1 71
118.3 65
118.5 81
118.7 52
118.9 91
119.1 79
119.3 73
119.5 58
119.7 75
119.9 53
120.1 57
120.3 76
120.5 61
120.7 76
120.9 67
121.1 69
121.3 80
121.5 61
121.7 60
121.9 71
122.1 73
122.3 62
122.5 61
122.7 67
122.9 70
123.1 64
123.3 69
123.5 62
123.7 75
123.9 76
124.1 52
124.3 65
124.5 55
124.7 68
124.9 67
125.1 67
125.3 62
125.5 77
125.7 78
125.9 71
126.1 60
126.3 71
126.5 61
126.7 72
126.9 41
127.1 45
127.3 74
127.5 68
127.7 60
127.9 52
128.1 55
128.3 59
128.5 57
128.7 68
128.9 61
129.1 73
129.3 51
129.5 59
129.7 62
129.9 73
130.1 47
130.3 70
130.5 64
130.7 63
130.9 55
131.1 76
131.3 65
131.5 46
131.7 43
131.9 59
132.1 62
132.3 51
132.5 59
132.7 68
132.9 44
133.1 35
133.3 56
133.5 63
133.7 66
133.9 49
134.1 70
134.3 55
134.5 59
134.7 51
134.9 46
135.1 57
135.3 43
135.5 38
135.7 49
135.9 57
136.1 53
136.3 63
136.5 50
136.7 63
136.9 54
137.1 48
137.3 48
137.5 67
137.7 54
137.9 47
138.1 41
138.3 53
138.5 51
138.7 40
138.9 46
139.1 46
139.3 63
139.5 46
139.7 46
139.9 53
140.1 45
140.3 46
140.5 51
140.7 58
140.9 57
141.1 58
141.3 52
141.5 42
141.7 45
141.9 39
142.1 54
142.3 34
142.5 38
142.7 34
142.9 37
143.1 40
143.3 39
143.5 49
143.7 45
143.9 45
144.1 38
144.3 37
144.5 40
144.7 40
144.9 37
145.1 27
145.3 24
145.5 30
145.7 34
145.9 40
146.1 37
146.3 25
146.5 35
146.7 29
146.9 28
147.1 40
147.3 28
147.5 28
147.7 35
147.9 24
148.1 19
148.3 30
148.5 40
148.7 29
148.9 24
149.1 21
149.3 27
149.5 27
149.7 29
149.9 25
150.1 20
150.3 12
150.5 21
150.7 29
150.9 23
151.1 12
151.3 27
151.5 18
151.7 19
151.9 23
152.1 14
152.3 15
152.5 19
152.7 16
152.9 14
153.1 14
153.3 16
153.5 10
153.7 12
153.9 15
154.1 9
154.3 12
154.5 15
154.7 10
154.9 15
155.1 3
155.3 8
155.5 15
155.7 9
155.9 7
156.1 5
156.3 4
156.5 13
156.7 3
156.9 3
157.1 15
157.3 8
157.5 12
157.7 4
157.9 7
158.1 10
158.3 7
158.5 8
158.7 7
158.9 5
159.1 11
159.3 8
159.5 12
159.7 6
159.9 3
160.1 5
160.3 5
160.5 4
160.7 2
160.9 5
161.1 6
161.3 4
161.5 3
161.7 1
161.9 1
162.1 9
162.3 2
162.5 3
162.7 2
162.9 5
163.1 2
163.3 1
163.5 2
163.7 0
163.9 5
164.1 2
164.3 3
164.5 1
164.7 3
164.9 1
165.1 2
165.3 1
165.5 3
165.7 1
165.9 0
166.1 5
166.3 1
166.5 0
166.7 2
166.9 2
167.1 0
167.3 2
167.5 2
167.7 2
167.9 1
168.1 0
168.3 2
168.5 2
168.7 0
168.9 2
169.1 1
169.3 1
169.5 1
169.7 1
169.9 1
