-99.9 0
-99.7 0
-99.5 0
-99.3 0
-99.1 0
-98.9 0
-98.7 0
-98.5 0
-98.3 0
-98.1 0
-97.9 0
-97.7 0
-97.5 0
-97.3 0
-97.1 0
-96.9 0
-96.7 0
-96.5 0
-96.3 0
-96.1 0
-95.9 0
-95.7 0
-95.5 0
-95.3 0
-95.1 0
-94.9 0
-94.7 0
-94.5 0
-94.3 0
-94.1 0
-93.9 0
-93.7 0
-93.5 0
-93.3 0
-93.1 0
-92.9 0
-92.7 0
-92.5 0
-92.3 0
-92.1 0
-91.9 0
-91.7 0
-91.5 0
-91.3 0
-91.1 0
-90.9 0
-90.7 0
-90.5 1
-90.3 0
-90.1 0
-89.9 0
-89.7 0
-89.5 0
-89.3 0
-89.1 0
-88.9 0
-88.7 0
-88.5 0
-88.3 0
-88.1 0
-87.9 0
-87.7 0
-87.5 0
-87.3 0
-87.1 0
-86.9 0
-86.7 0
-86.5 0
-86.3 0
-86.1 0
-85.9 0
-85.7 0
-85.5 0
-85.3 0
-85.1 0
-84.9 0
-84.7 0
-84.5 0
-84.3 0
-84.1 0
-83.9 0
-83.7 1
-83.5 0
-83.3 0
-83.1 0
-82.9 0
-82.7 0
-82.5 0
-82.3 0
-82.1 0
-81.9 0
-81.7 1
-81.5 0
-81.3 0
-81.1 0
-80.9 0
-80.7 0
-80.5 0
-80.3 0
-80.1 0
-79.9 0
-79.7 0
-79.5 0
-79.3 0
-79.1 1
-78.9 0
-78.7 0
-78.5 0
-78.3 0
-78.1 0
-77.9 0
-77.7 1
-77.5 0
-77.3 0
-77.1 0
-76.9 0
-76.7 0
-76.5 0
-76.3 0
-76.1 0
-75.9 0
-75.7 0
-75.5 0
-75.3 0
-75.1 0
-74.9 0
-74.7 0
-74.5 0
-74.3 0
-74.1 0
-73.9 0
-73.7 0
-73.5 0
-73.3 0
-73.1 0
-72.9 0
-72.7 1
-72.5 0
-72.3 0
-72.1 0
-71.9 0
-71.7 0
-71.5 0
-71.3 0
-71.1 0
-70.9 0
-70.7 0
-70.5 0
-70.3 0
-70.1 0
-69.9 1
-69.7 0
-69.5 0
-69.3 0
-69.1 0
-68.9 0
-68.7 0
-68.5 0
-68.3 0
-68.1 0
-67.9 0
-67.7 0
-67.5 0
-67.3 0
-67.1 0
-66.9 0
-66.7 0
-66.5 0
-66.3 0
-66.1 0
-65.9 0
-65.7 0
-65.5 0
-65.3 0
-65.1 0
-64.9 1
-64.7 0
-64.5 0
-64.3 0
-64.1 0
-63.9 0
-63.7 0
-63.5 0
-63.3 0
-63.1 0
-62.9 0
-62.7 0
-62.5 0
-62.3 0
-62.1 0
-61.9 0
-61.7 0
-61.5 0
-61.3 0
-61.1 0
-60.9 0
-60.7 0
-60.5 0
-60.3 0
-60.1 0
-59.9 0
-59.7 0
-59.5 0
-59.3 0
-59.1 0
-58.9 0
-58.7 0
-58.5 0
-58.3 0
-58.1 0
-57.9 0
-57.7 0
-57.5 0
-57.3 0
-57.1 0
-56.9 0
-56.7 0
-56.5 0
-56.3 0
-56.1 0
-55.9 0
-55.7 0
-55.5 0
-55.3 0
-55.1 0
-54.9 0
-54.7 0
-54.5 0
-54.3 0
-54.1 0
-53.9 0
-53.7 1
-53.5 0
-53.3 0
-53.1 0
-52.9 0
-52.7 0
-52.5 0
-52.3 0
-52.1 0
-51.9 0
-51.7 0
-51.5 0
-51.3 0
-51.1 0
-50.9 0
-50.7 0
-50.5 0
-50.3 0
-50.1 0
-49.9 0
-49.7 0
-49.5 0
-49.3 0
-49.1 0
-48.9 0
-48.7 0
-48.5 0
-48.3 0
-48.1 0
-47.9 0
-47.7 0
-47.5 0
-47.3 0
-47.1 0
-46.9 0
-46.7 0
-46.5 0
-46.3 0
-46.1 0
-45.9 0
-45.7 0
-45.5 0
-45.3 0
-45.1 0
-44.9 0
-44.7 0
-44.5 0
-44.3 0
-44.1 0
-43.9 0
-43.7 0
-43.5 0
-43.3 0
-43.1 0
-42.9 0
-42.7 0
-42.5 0
-42.3 0
-42.1 0
-41.9 0
-41.7 0
-41.5 0
-41.3 0
-41.1 0
-40.9 0
-40.7 0
-40.5 0
-40.3 0
-40.1 0
-39.9 0
-39.7 0
-39.5 0
-39.3 0
-39.1 0
-38.9 0
-38.7 0
-38.5 0
-38.3 0
-38.1 1
-37.9 0
-37.7 0
-37.5 0
-37.3 0
-37.1 0
-36.9 0
-36.7 0
-36.5 0
-36.3 0
-36.1 1
-35.9 0
-35.7 0
-35.5 0
-35.3 1
-35.1 1
-34.9 1
-34.7 0
-34.5 0
-34.3 0
-34.1 0
-33.9 1
-33.7 0
-33.5 2
-33.3 0
-33.1 1
-32.9 0
-32.7 1
-32.5 1
-32.3 0
-32.1 0
-31.9 1
-31.7 6
-31.5 0
-31.3 4
-31.1 6
-30.9 5
-30.7 8
-30.5 11
-30.3 24
-30.1 25
-29.9 31
-29.7 37
-29.5 43
-29.3 52
-29.1 57
-28.9 85
-28.7 85
-28.5 107
-28.3 124
-28.1 149
-27.9 124
-27.7 151
-27.5 181
-27.3 147
-27.1 176
-26.9 140
-26.7 170
-26.5 174
-26.3 152
-26.1 165
-25.9 148
-25.7 121
-25.5 166
-25.3 151
-25.1 152
-24.9 145
-24.7 152
-24.5 127
-24.3 132
-24.1 111
-23.9 126
-23.7 136
-23.5 115
-23.3 118
-23.1 128
-22.9 125
-22.7 111
-22.5 117
-22.3 139
-22.1 92
-21.9 135
-21.7 107
-21.5 115
-21.3 118
-21.1 109
-20.9 123
-20.7 117
-20.5 142
-20.3 117
-20.1 103
-19.9 122
-19.7 118
-19.5 100
-19.3 115
-19.1 100
-18.9 116
-18.7 102
-18.5 74
-18.3 133
-18.1 109
-17.9 91
-17.7 107
-17.5 103
-17.3 94
-17.1 106
-16.9 114
-16.7 100
-16.5 94
-16.3 108
-16.1 108
-15.9 94
-15.7 96
-15.5 115
-15.3 96
-15.1 118
-14.9 102
-14.7 105
-14.5 89
-14.3 98
-14.1 110
-13.9 87
-13.7 109
-13.5 108
-13.3 95
-13.1 111
-12.9 91
-12.7 102
-12.5 99
-12.3 103
-12.1 108
-11.9 99
-11.7 88
-11.5 95
-11.3 97
-11.1 115
-10.9 109
-10.7 98
-10.5 113
-10.3 111
-10.1 120
-9.9 99
-9.7 98
-9.5 101
-9.3 109
-9.1 109
-8.9 116
-8.7 91
-8.5 74
-8.3 84
-8.1 95
-7.9 91
-7.7 105
-7.5 113
-7.3 104
-7.1 97
-6.9 100
-6.7 120
-6.5 99
-6.3 101
-6.1 114
-5.9 98
-5.7 94
-5.5 101
-5.3 113
-5.1 108
-4.9 109
-4.7 119
-4.5 101
-4.3 101
-4.1 104
-3.9 103
-3.7 98
-3.5 100
-3.3 95
-3.1 99
-2.9 94
-2.7 89
-2.5 101
-2.3 83
-2.1 111
-1.9 121
-1.7 117
-1.5 83
-1.3 108
-1.1 118
-0.9 90
-0.7 109
-0.5 97
-0.3 124
-0.1 108
0.1 122
0.3 106
0.5 119
0.7 96
0.9 113
1.1 111
1.3 89
1.5 106
1.7 113
1.9 91
2.1 94
2.3 79
2.5 107
2.7 111
2.9 104
3.1 96
3.3 87
3.5 109
3.7 100
3.9 103
4.1 89
4.3 97
4.5 117
4.7 115
4.9 115
5.1 108
5.3 102
5.5 118
5.7 106
5.9 97
6.1 112
6.3 92
6.5 98
6.7 114
6.9 97
7.1 110
7.3 116
7.5 109
7.7 96
7.9 120
8.1 105
8.3 102
8.5 102
8.7 92
8.9 104
9.1 105
9.3 108
9.5 100
9.7 117
9.9 113
10.1 109
10.3 101
10.5 100
10.7 104
10.9 97
11.1 90
11.3 113
11.5 103
11.7 105
11.9 96
12.1 107
12.3 105
12.5 108
12.7 86
12.9 130
13.1 100
13.3 103
13.5 123
13.7 98
13.9 122
14.1 108
14.3 106
14.5 88
14.7 120
14.9 95
15.1 107
15.3 114
15.5 106
15.7 87
15.9 97
16.1 102
16.3 110
16.5 120
16.7 87
16.9 99
17.1 107
17.3 92
17.5 122
17.7 110
17.9 120
18.1 105
18.3 109
18.5 118
18.7 105
18.9 95
19.1 112
19.3 105
19.5 115
19.7 113
19.9 118
20.1 94
20.3 94
20.5 97
20.7 103
20.9 93
21.1 104
21.3 100
21.5 107
21.7 108
21.9 108
22.1 113
22.3 94
22.5 94
22.7 112
22.9 116
23.1 104
23.3 119
23.5 100
23.7 106
23.9 99
24.1 93
24.3 113
24.5 81
24.7 115
24.9 91
25.1 101
25.3 100
25.5 102
25.7 89
25.9 100
26.1 110
26.3 89
26.5 100
26.7 100
26.9 106
27.1 90
27.3 114
27.5 115
27.7 108
27.9 88
28.1 109
28.3 100
28.5 93
28.7 95
28.9 108
29.1 105
29.3 107
29.5 103
29.7 99
29.9 100
30.1 97
30.3 100
30.5 94
30.7 99
30.9 118
31.1 97
31.3 79
31.5 91
31.7 88
31.9 123
32.1 100
32.3 114
32.5 114
32.7 99
32.9 108
33.1 91
33.3 106
33.5 99
33.7 102
33.9 111
34.1 99
34.3 95
34.5 129
34.7 95
34.9 92
35.1 98
35.3 97
35.5 101
35.7 71
35.9 86
36.1 91
36.3 87
36.5 97
36.7 76
36.9 84
37.1 106
37.3 83
37.5 103
37.7 102
37.9 95
38.1 94
38.3 99
38.5 90
38.7 112
38.9 85
39.1 101
39.3 118
39.5 108
39.7 82
39.9 110
40.1 99
40.3 110
40.5 100
40.7 102
40.9 92
41.1 89
41.3 87
41.5 103
41.7 98
41.9 89
42.1 86
42.3 100
42.5 92
42.7 113
42.9 111
43.1 112
43.3 100
43.5 109
43.7 84
43.9 98
44.1 108
44.3 79
44.5 97
44.7 104
44.9 101
45.1 101
45.3 117
45.5 91
45.7 83
45.9 138
46.1 104
46.3 121
46.5 108
46.7 93
46.9 106
47.1 85
47.3 108
47.5 95
47.7 119
47.9 103
48.1 88
48.3 92
48.5 89
48.7 102
48.9 97
49.1 94
49.3 93
49.5 89
49.7 95
49.9 99
50.1 86
50.3 90
50.5 102
50.7 106
50.9 100
51.1 104
51.3 103
51.5 86
51.7 106
51.9 119
52.1 105
52.3 102
52.5 88
52.7 95
52.9 105
53.1 103
53.3 89
53.5 81
53.7 96
53.9 97
54.1 96
54.3 94
54.5 94
54.7 94
54.9 87
55.1 92
55.3 105
55.5 101
55.7 100
55.9 96
56.1 98
56.3 80
56.5 109
56.7 97
56.9 97
57.1 97
57.3 103
57.5 112
57.7 98
57.9 98
58.1 104
58.3 98
58.5 82
58.7 99
58.9 90
59.1 86
59.3 83
59.5 109
59.7 88
59.9 101
60.1 86
60.3 106
60.5 113
60.7 81
60.9 100
61.1 98
61.3 100
61.5 79
61.7 78
61.9 105
62.1 87
62.3 106
62.5 75
62.7 91
62.9 94
63.1 113
63.3 83
63.5 99
63.7 71
63.9 89
64.1 108
64.3 108
64.5 93
64.7 96
64.9 113
65.1 95
65.3 110
65.5 98
65.7 88
65.9 97
66.1 106
66.3 88
66.5 99
66.7 111
66.9 90
67.1 84
67.3 103
67.5 91
67.7 89
67.9 110
68.1 111
68.3 88
68.5 89
68.7 104
68.9 97
69.1 91
69.3 95
69.5 96
69.7 82
69.9 93
70.1 110
70.3 101
70.5 91
70.7 76
70.9 64
71.1 117
71.3 84
71.5 95
71.7 88
71.9 97
72.1 101
72.3 104
72.5 99
72.7 93
72.9 100
73.1 86
73.3 86
73.5 103
73.7 75
73.9 83
74.1 78
74.3 95
74.5 87
74.7 86
74.9 89
75.1 97
75.3 104
75.5 95
75.7 92
75.9 83
76.1 104
76.3 98
76.5 91
76.7 106
76.9 89
77.1 97
77.3 103
77.5 88
77.7 77
77.9 72
78.1 97
78.3 84
78.5 71
78.7 85
78.9 89
79.1 90
79.3 83
79.5 70
79.7 102
79.9 100
80.1 68
80.3 78
80.5 94
80.7 95
80.9 85
81.1 85
81.3 99
81.5 79
81.7 96
81.9 94
82.1 73
82.3 81
82.5 88
82.7 96
82.9 93
83.1 85
83.3 84
83.5 94
83.7 94
83.9 86
84.1 85
84.3 91
84.5 101
84.7 87
84.9 84
85.1 83
85.3 80
85.5 75
85.7 91
85.9 83
86.1 85
86.3 106
86.5 96
86.7 65
86.9 80
87.1 93
87.3 109
87.5 98
87.7 77
87.9 76
88.1 88
88.3 81
88.5 101
88.7 83
88.9 89
89.1 91
89.3 102
89.5 94
89.7 113
89.9 95
90.1 90
90.3 75
90.5 93
90.7 67
90.9 96
91.1 80
91.3 85
91.5 83
91.7 98
91.9 99
92.1 87
92.3 94
92.5 78
92.7 93
92.9 90
93.1 78
93.3 84
93.5 78
93.7 86
93.9 92
94.1 84
94.3 90
94.5 91
94.7 76
94.9 84
95.1 83
95.3 95
95.5 91
95.7 98
95.9 74
96.1 104
96.3 87
96.5 76
96.7 88
96.9 114
97.1 99
97.3 99
97.5 87
97.7 77
97.9 96
98.1 86
98.3 88
98.5 83
98.7 85
98.9 82
99.1 84
99.3 98
99.5 79
99.7 91
99.9 96
100.1 78
100.3 70
100.5 90
100.7 83
100.9 84
101.1 83
101.3 85
101.5 100
101.7 92
101.9 96
102.1 67
102.3 83
102.5 81
102.7 85
102.9 88
103.1 94
103.3 76
103.5 89
103.7 95
103.9 81
104.1 86
104.3 101
104.5 64
104.7 84
104.9 90
105.1 71
105.3 104
105.5 85
105.7 86
105.9 85
106.1 84
106.3 71
106.5 90
106.7 88
106.9 71
107.1 88
107.3 76
107.5 83
107.7 79
107.9 67
108.1 80
108.3 86
108.5 75
108.7 66
108.9 87
109.1 92
109.3 78
109.5 81
109.7 93
109.9 98
110.1 82
110.3 81
110.5 84
110.7 91
110.9 74
111.1 75
111.3 71
111.5 81
111.7 86
111.9 81
112.1 82
112.3 83
112.5 81
112.7 81
112.9 84
113.1 74
113.3 76
113.5 81
113.7 89
113.9 77
114.1 82
114.3 70
114.5 75
114.7 75
114.9 76
115.1 63
115.3 67
115.5 73
115.7 86
115.9 79
116.1 85
116.3 74
116.5 71
116.7 80
116.9 90
117.1 92
117.3 70
117.5 70
117.7 88
117.9 62
118.1 90
118.3 91
118.5 69
118.7 78
118.9 82
119.1 76
119.3 76
119.5 77
119.7 89
119.9 76
120.1 84
120.3 83
120.5 83
120.7 87
120.9 86
121.1 75
121.3 67
121.5 69
121.7 63
121.9 98
122.1 81
122.3 65
122.5 74
122.7 64
122.9 79
123.1 73
123.3 74
123.5 85
123.7 80
123.9 64
124.1 71
124.3 73
124.5 71
124.7 63
124.9 83
125.1 65
125.3 86
125.5 86
125.7 77
125.9 73
126.1 61
126.3 64
126.5 79
126.7 66
126.9 67
127.1 60
127.3 69
127.5 62
127.7 75
127.9 74
128.1 84
128.3 62
128.5 72
128.7 70
128.9 86
129.1 67
129.3 69
129.5 65
129.7 72
129.9 75
130.1 70
130.3 73
130.5 80
130.7 65
130.9 82
131.1 92
131.3 73
131.5 59
131.7 69
131.9 68
132.1 70
132.3 54
132.5 69
132.7 69
132.9 60
133.1 82
133.3 73
133.5 75
133.7 79
133.9 64
134.1 63
134.3 77
134.5 50
134.7 88
134.9 64
135.1 62
135.3 55
135.5 59
135.7 53
135.9 56
136.1 76
136.3 70
136.5 58
136.7 60
136.9 61
137.1 64
137.3 45
137.5 68
137.7 51
137.9 58
138.1 72
138.3 77
138.5 62
138.7 52
138.9 48
139.1 78
139.3 43
139.5 61
139.7 60
139.9 50
140.1 54
140.3 49
140.5 66
140.7 55
140.9 49
141.1 62
141.3 58
141.5 57
141.7 47
141.9 61
142.1 60
142.3 55
142.5 63
142.7 53
142.9 45
143.1 59
143.3 58
143.5 47
143.7 51
143.9 49
144.1 47
144.3 42
144.5 47
144.7 52
144.9 59
145.1 51
145.3 58
145.5 40
145.7 42
145.9 48
146.1 46
146.3 41
146.5 44
146.7 57
146.9 52
147.1 51
147.3 44
147.5 43
147.7 42
147.9 30
148.1 41
148.3 31
148.5 56
148.7 49
148.9 38
149.1 41
149.3 41
149.5 49
149.7 34
149.9 33
150.1 45
150.3 35
150.5 29
150.7 51
150.9 32
151.1 36
151.3 40
151.5 27
151.7 46
151.9 27
152.1 43
152.3 36
152.5 31
152.7 31
152.9 31
153.1 30
153.3 32
153.5 26
153.7 26
153.9 20
154.1 28
154.3 31
154.5 23
154.7 28
154.9 30
155.1 31
155.3 20
155.5 24
155.7 22
155.9 24
156.1 20
156.3 25
156.5 19
156.7 21
156.9 19
157.1 19
157.3 18
157.5 23
157.7 24
157.9 16
158.1 15
158.3 11
158.5 15
158.7 24
158.9 14
159.1 17
159.3 18
159.5 11
159.7 10
159.9 9
160.1 11
160.3 16
160.5 10
160.7 12
160.9 9
161.1 9
161.3 15
161.5 10
161.7 13
161.9 7
162.1 8
162.3 7
162.5 14
162.7 8
162.9 13
163.1 12
163.3 5
163.5 10
163.7 10
163.9 1
164.1 4
164.3 3
164.5 4
164.7 5
164.9 3
165.1 10
165.3 7
165.5 6
165.7 8
165.9 2
166.1 3
166.3 4
166.5 5
166.7 2
166.9 2
167.1 6
167.3 4
167.5 7
167.7 1
167.9 7
168.1 6
168.3 5
168.5 4
168.7 4
168.9 8
169.1 5
169.3 4
169.5 1
169.7 3
169.9 5
