-99.9 0
-99.7 0
-99.5 0
-99.3 0
-99.1 0
-98.9 0
-98.7 0
-98.5 0
-98.3 0
-98.1 0
-97.9 0
-97.7 0
-97.5 0
-97.3 0
-97.1 0
-96.9 0
-96.7 0
-96.5 0
-96.3 0
-96.1 0
-95.9 0
-95.7 0
-95.5 0
-95.3 0
-95.1 0
-94.9 0
-94.7 0
-94.5 0
-94.3 0
-94.1 0
-93.9 0
-93.7 0
-93.5 0
-93.3 0
-93.1 0
-92.9 0
-92.7 0
-92.5 0
-92.3 0
-92.1 0
-91.9 0
-91.7 0
-91.5 0
-91.3 0
-91.1 0
-90.9 0
-90.7 0
-90.5 0
-90.3 0
-90.1 0
-89.9 0
-89.7 0
-89.5 0
-89.3 0
-89.1 0
-88.9 0
-88.7 0
-88.5 0
-88.3 0
-88.1 0
-87.9 0
-87.7 0
-87.5 0
-87.3 0
-87.1 0
-86.9 0
-86.7 0
-86.5 0
-86.3 0
-86.1 0
-85.9 0
-85.7 0
-85.5 0
-85.3 0
-85.1 0
-84.9 0
-84.7 0
-84.5 0
-84.3 0
-84.1 0
-83.9 0
-83.7 0
-83.5 0
-83.3 0
-83.1 0
-82.9 0
-82.7 0
-82.5 0
-82.3 0
-82.1 0
-81.9 0
-81.7 0
-81.5 0
-81.3 0
-81.1 0
-80.9 0
-80.7 0
-80.5 0
-80.3 0
-80.1 0
-79.9 0
-79.7 0
-79.5 0
-79.3 0
-79.1 0
-78.9 0
-78.7 0
-78.5 0
-78.3 0
-78.1 0
-77.9 0
-77.7 0
-77.5 0
-77.3 0
-77.1 0
-76.9 0
-76.7 0
-76.5 0
-76.3 0
-76.1 0
-75.9 0
-75.7 0
-75.5 0
-75.3 0
-75.1 0
-74.9 0
-74.7 0
-74.5 0
-74.3 0
-74.1 0
-73.9 0
-73.7 0
-73.5 0
-73.3 0
-73.1 0
-72.9 0
-72.7 0
-72.5 0
-72.3 0
-72.1 0
-71.9 1
-71.7 0
-71.5 0
-71.3 0
-71.1 0
-70.9 0
-70.7 0
-70.5 0
-70.3 0
-70.1 0
-69.9 0
-69.7 0
-69.5 0
-69.3 0
-69.1 0
-68.9 0
-68.7 0
-68.5 0
-68.3 0
-68.1 0
-67.9 0
-67.7 0
-67.5 0
-67.3 0
-67.1 0
-66.9 0
-66.7 0
-66.5 0
-66.3 0
-66.1 0
-65.9 0
-65.7 0
-65.5 0
-65.3 0
-65.1 0
-64.9 0
-64.7 0
-64.5 0
-64.3 0
-64.1 0
-63.9 0
-63.7 0
-63.5 0
-63.3 0
-63.1 0
-62.9 0
-62.7 0
-62.5 0
-62.3 0
-62.1 0
-61.9 0
-61.7 0
-61.5 0
-61.3 0
-61.1 0
-60.9 0
-60.7 0
-60.5 0
-60.3 0
-60.1 0
-59.9 0
-59.7 0
-59.5 0
-59.3 0
-59.1 0
-58.9 0
-58.7 0
-58.5 0
-58.3 0
-58.1 0
-57.9 1
-57.7 0
-57.5 0
-57.3 0
-57.1 0
-56.9 0
-56.7 0
-56.5 0
-56.3 0
-56.1 0
-55.9 0
-55.7 1
-55.5 0
-55.3 0
-55.1 0
-54.9 0
-54.7 0
-54.5 0
-54.3 0
-54.1 0
-53.9 0
-53.7 0
-53.5 0
-53.3 0
-53.1 0
-52.9 0
-52.7 0
-52.5 0
-52.3 0
-52.1 0
-51.9 0
-51.7 0
-51.5 0
-51.3 0
-51.1 0
-50.9 0
-50.7 0
-50.5 0
-50.3 0
-50.1 0
-49.9 0
-49.7 0
-49.5 0
-49.3 0
-49.1 1
-48.9 0
-48.7 0
-48.5 0
-48.3 0
-48.1 0
-47.9 0
-47.7 0
-47.5 0
-47.3 0
-47.1 0
-46.9 0
-46.7 0
-46.5 0
-46.3 0
-46.1 0
-45.9 0
-45.7 0
-45.5 0
-45.3 0
-45.1 0
-44.9 0
-44.7 0
-44.5 0
-44.3 0
-44.1 0
-43.9 0
-43.7 0
-43.5 0
-43.3 0
-43.1 0
-42.9 0
-42.7 0
-42.5 0
-42.3 0
-42.1 0
-41.9 0
-41.7 0
-41.5 0
-41.3 0
-41.1 1
-40.9 0
-40.7 1
-40.5 0
-40.3 0
-40.1 0
-39.9 1
-39.7 0
-39.5 0
-39.3 0
-39.1 0
-38.9 0
-38.7 0
-38.5 0
-38.3 0
-38.1 0
-37.9 0
-37.7 0
-37.5 0
-37.3 0
-37.1 0
-36.9 1
-36.7 0
-36.5 0
-36.3 0
-36.1 0
-35.9 0
-35.7 0
-35.5 0
-35.3 0
-35.1 0
-34.9 0
-34.7 0
-34.5 0
-34.3 0
-34.1 0
-33.9 0
-33.7 0
-33.5 2
-33.3 0
-33.1 1
-32.9 2
-32.7 3
-32.5 2
-32.3 3
-32.1 1
-31.9 7
-31.7 6
-31.5 16
-31.3 17
-31.1 21
-30.9 25
-30.7 39
-30.5 42
-30.3 57
-30.1 48
-29.9 75
-29.7 77
-29.5 70
-29.3 112
-29.1 98
-28.9 131
-28.7 149
-28.5 151
-28.3 162
-28.1 144
-27.9 163
-27.7 164
-27.5 159
-27.3 156
-27.1 151
-26.9 152
-26.7 156
-26.5 174
-26.3 148
-26.1 133
-25.9 146
-25.7 118
-25.5 137
-25.3 151
-25.1 134
-24.9 110
-24.7 137
-24.5 125
-24.3 126
-24.1 109
-23.9 120
-23.7 134
-23.5 106
-23.3 113
-23.1 115
-22.9 105
-22.7 121
-22.5 125
-22.3 121
-22.1 118
-21.9 118
-21.7 111
-21.5 109
-21.3 109
-21.1 122
-20.9 107
-20.7 129
-20.5 100
-20.3 110
-20.1 124
-19.9 129
-19.7 104
-19.5 120
-19.3 113
-19.1 106
-18.9 87
-18.7 107
-18.5 124
-18.3 95
-18.1 96
-17.9 122
-17.7 121
-17.5 101
-17.3 104
-17.1 110
-16.9 139
-16.7 120
-16.5 101
-16.3 98
-16.1 94
-15.9 97
-15.7 103
-15.5 113
-15.3 111
-15.1 113
-14.9 100
-14.7 101
-14.5 98
-14.3 111
-14.1 116
-13.9 127
-13.7 101
-13.5 94
-13.3 91
-13.1 107
-12.9 117
-12.7 101
-12.5 94
-12.3 116
-12.1 110
-11.9 114
-11.7 108
-11.5 101
-11.3 83
-11.1 117
-10.9 117
-10.7 116
-10.5 121
-10.3 102
-10.1 125
-9.9 117
-9.7 111
-9.5 121
-9.3 107
-9.1 129
-8.9 105
-8.7 94
-8.5 105
-8.3 109
-8.1 106
-7.9 122
-7.7 119
-7.5 87
-7.3 94
-7.1 89
-6.9 94
-6.7 115
-6.5 111
-6.3 106
-6.1 111
-5.9 103
-5.7 100
-5.5 119
-5.3 95
-5.1 111
-4.9 109
-4.7 100
-4.5 105
-4.3 115
-4.1 117
-3.9 103
-3.7 95
-3.5 116
-3.3 108
-3.1 117
-2.9 124
-2.7 113
-2.5 105
-2.3 108
-2.1 117
-1.9 117
-1.7 98
-1.5 102
-1.3 101
-1.1 94
-0.9 111
-0.7 103
-0.5 124
-0.3 118
-0.1 106
0.1 115
0.3 105
0.5 91
0.7 112
0.9 96
1.1 99
1.3 123
1.5 115
1.7 144
1.9 127
2.1 98
2.3 104
2.5 123
2.7 117
2.9 124
3.1 97
3.3 106
3.5 103
3.7 106
3.9 117
4.1 104
4.3 105
4.5 112
4.7 105
4.9 96
5.1 126
5.3 111
5.5 106
5.7 122
5.9 110
6.1 103
6.3 126
6.5 107
6.7 112
6.9 112
7.1 109
7.3 98
7.5 106
7.7 92
7.9 112
8.1 91
8.3 103
8.5 107
8.7 118
8.9 124
9.1 117
9.3 135
9.5 114
9.7 119
9.9 107
10.1 136
10.3 85
10.5 102
10.7 108
10.9 133
11.1 99
11.3 113
11.5 98
11.7 96
11.9 108
12.1 101
12.3 98
12.5 102
12.7 123
12.9 115
13.1 110
13.3 118
13.5 128
13.7 99
13.9 99
14.1 112
14.3 116
14.5 123
14.7 121
14.9 117
15.1 100
15.3 108
15.5 118
15.7 99
15.9 101
16.1 110
16.3 104
16.5 108
16.7 104
16.9 95
17.1 101
17.3 127
17.5 81
17.7 100
17.9 113
18.1 127
18.3 98
18.5 108
18.7 101
18.9 112
19.1 105
19.3 112
19.5 113
19.7 119
19.9 103
20.1 111
20.3 99
20.5 112
20.7 118
20.9 109
21.1 116
21.3 117
21.5 108
21.7 115
21.9 101
22.1 124
22.3 112
22.5 98
22.7 117
22.9 115
23.1 104
23.3 97
23.5 75
23.7 129
23.9 105
24.1 128
24.3 95
24.5 101
24.7 119
24.9 106
25.1 114
25.3 108
25.5 96
25.7 118
25.9 110
26.1 116
26.3 116
26.5 113
26.7 97
26.9 103
27.1 122
27.3 118
27.5 108
27.7 98
27.9 104
28.1 88
28.3 108
28.5 82
28.7 116
28.9 110
29.1 116
29.3 115
29.5 119
29.7 120
29.9 98
30.1 94
30.3 122
30.5 95
30.7 103
30.9 100
31.1 91
31.3 135
31.5 116
31.7 101
31.9 100
32.1 115
32.3 90
32.5 110
32.7 88
32.9 102
33.1 106
33.3 101
33.5 89
33.7 110
33.9 113
34.1 106
34.3 111
34.5 110
34.7 94
34.9 113
35.1 113
35.3 111
35.5 112
35.7 108
35.9 101
36.1 115
36.3 107
36.5 111
36.7 102
36.9 112
37.1 112
37.3 102
37.5 117
37.7 111
37.9 103
38.1 123
38.3 121
38.5 114
38.7 108
38.9 115
39.1 93
39.3 121
39.5 104
39.7 141
39.9 106
40.1 102
40.3 116
40.5 103
40.7 101
40.9 91
41.1 107
41.3 104
41.5 116
41.7 114
41.9 105
42.1 113
42.3 96
42.5 121
42.7 112
42.9 106
43.1 107
43.3 98
43.5 121
43.7 99
43.9 96
44.1 93
44.3 108
44.5 109
44.7 102
44.9 119
45.1 110
45.3 111
45.5 98
45.7 115
45.9 113
46.1 108
46.3 89
46.5 118
46.7 106
46.9 86
47.1 98
47.3 115
47.5 95
47.7 96
47.9 119
48.1 103
48.3 99
48.5 105
48.7 115
48.9 101
49.1 102
49.3 102
49.5 92
49.7 103
49.9 134
50.1 97
50.3 96
50.5 138
50.7 93
50.9 110
51.1 106
51.3 102
51.5 112
51.7 102
51.9 103
52.1 114
52.3 114
52.5 104
52.7 114
52.9 107
53.1 121
53.3 108
53.5 105
53.7 120
53.9 95
54.1 98
54.3 91
54.5 107
54.7 109
54.9 105
55.1 111
55.3 102
55.5 110
55.7 115
55.9 93
56.1 112
56.3 109
56.5 108
56.7 100
56.9 116
57.1 93
57.3 93
57.5 89
57.7 112
57.9 92
58.1 87
58.3 106
58.5 102
58.7 91
58.9 106
59.1 103
59.3 127
59.5 106
59.7 97
59.9 104
60.1 80
60.3 107
60.5 120
60.7 115
60.9 104
61.1 87
61.3 113
61.5 84
61.7 93
61.9 91
62.1 115
62.3 102
62.5 109
62.7 97
62.9 103
63.1 96
63.3 109
63.5 111
63.7 104
63.9 92
64.1 128
64.3 115
64.5 93
64.7 96
64.9 94
65.1 120
65.3 84
65.5 114
65.7 110
65.9 86
66.1 110
66.3 102
66.5 86
66.7 93
66.9 108
67.1 94
67.3 92
67.5 92
67.7 102
67.9 95
68.1 120
68.3 107
68.5 81
68.7 87
68.9 86
69.1 94
69.3 89
69.5 107
69.7 86
69.9 100
70.1 87
70.3 109
70.5 93
70.7 110
70.9 85
71.1 93
71.3 101
71.5 87
71.7 109
71.9 86
72.1 89
72.3 94
72.5 92
72.7 99
72.9 102
73.1 89
73.3 96
73.5 93
73.7 91
73.9 79
74.1 85
74.3 108
74.5 99
74.7 107
74.9 109
75.1 113
75.3 111
75.5 118
75.7 107
75.9 106
76.1 94
76.3 99
76.5 98
76.7 91
76.9 112
77.1 96
77.3 90
77.5 77
77.7 102
77.9 105
78.1 89
78.3 116
78.5 99
78.7 96
78.9 111
79.1 86
79.3 92
79.5 87
79.7 126
79.9 95
80.1 88
80.3 104
80.5 104
80.7 96
80.9 99
81.1 106
81.3 108
81.5 105
81.7 89
81.9 94
82.1 91
82.3 90
82.5 105
82.7 82
82.9 111
83.1 89
83.3 78
83.5 76
83.7 108
83.9 91
84.1 80
84.3 93
84.5 95
84.7 102
84.9 91
85.1 102
85.3 95
85.5 90
85.7 101
85.9 93
86.1 87
86.3 87
86.5 80
86.7 95
86.9 111
87.1 94
87.3 92
87.5 113
87.7 96
87.9 96
88.1 102
88.3 88
88.5 89
88.7 94
88.9 111
89.1 88
89.3 88
89.5 106
89.7 83
89.9 67
90.1 96
90.3 98
90.5 104
90.7 84
90.9 101
91.1 99
91.3 89
91.5 86
91.7 106
91.9 89
92.1 98
92.3 84
92.5 92
92.7 88
92.9 82
93.1 98
93.3 92
93.5 95
93.7 100
93.9 94
94.1 87
94.3 93
94.5 100
94.7 87
94.9 88
95.1 71
95.3 91
95.5 94
95.7 99
95.9 97
96.1 84
96.3 95
96.5 96
96.7 103
96.9 92
97.1 110
97.3 84
97.5 94
97.7 89
97.9 87
98.1 77
98.3 96
98.5 83
98.7 104
98.9 93
99.1 92
99.3 91
99.5 87
99.7 82
99.9 97
100.1 105
100.3 74
100.5 90
100.7 90
100.9 94
101.1 94
101.3 97
101.5 95
101.7 88
101.9 107
102.1 84
102.3 88
102.5 76
102.7 90
102.9 95
103.1 95
103.3 90
103.5 109
103.7 89
103.9 84
104.1 92
104.3 97
104.5 82
104.7 92
104.9 104
105.1 81
105.3 85
105.5 102
105.7 79
105.9 94
106.1 81
106.3 74
106.5 91
106.7 84
106.9 84
107.1 93
107.3 89
107.5 108
107.7 86
107.9 95
108.1 88
108.3 89
108.5 81
108.7 82
108.9 78
109.1 73
109.3 82
109.5 95
109.7 93
109.9 92
110.1 87
110.3 116
110.5 83
110.7 83
110.9 86
111.1 88
111.3 95
111.5 99
111.7 84
111.9 90
112.1 78
112.3 90
112.5 84
112.7 84
112.9 70
113.1 84
113.3 73
113.5 81
113.7 88
113.9 84
114.1 82
114.3 79
114.5 89
114.7 91
114.9 67
115.1 88
115.3 86
115.5 73
115.7 84
115.9 68
116.1 75
116.3 78
116.5 90
116.7 82
116.9 80
117.1 85
117.3 73
117.5 79
117.7 76
117.9 90
118.1 81
118.3 82
118.5 87
118.7 76
118.9 85
119.1 72
119.3 84
119.5 98
119.7 76
119.9 86
120.1 66
120.3 84
120.5 70
120.7 99
120.9 86
121.1 85
121.3 78
121.5 84
121.7 69
121.9 97
122.1 71
122.3 73
122.5 78
122.7 90
122.9 82
123.1 77
123.3 93
123.5 83
123.7 78
123.9 79
124.1 70
124.3 66
124.5 62
124.7 69
124.9 86
125.1 87
125.3 85
125.5 58
125.7 86
125.9 75
126.1 80
126.3 82
126.5 66
126.7 83
126.9 70
127.1 58
127.3 77
127.5 84
127.7 65
127.9 71
128.1 86
128.3 87
128.5 63
128.7 87
128.9 66
129.1 80
129.3 71
129.5 80
129.7 74
129.9 74
130.1 85
130.3 67
130.5 94
130.7 74
130.9 75
131.1 85
131.3 67
131.5 85
131.7 62
131.9 88
132.1 75
132.3 67
132.5 66
132.7 79
132.9 67
133.1 74
133.3 76
133.5 73
133.7 76
133.9 72
134.1 74
134.3 80
134.5 61
134.7 76
134.9 72
135.1 77
135.3 50
135.5 73
135.7 79
135.9 69
136.1 70
136.3 79
136.5 70
136.7 80
136.9 64
137.1 76
137.3 71
137.5 60
137.7 75
137.9 65
138.1 52
138.3 53
138.5 67
138.7 73
138.9 62
139.1 61
139.3 48
139.5 54
139.7 61
139.9 59
140.1 53
140.3 68
140.5 66
140.7 58
140.9 64
141.1 67
141.3 58
141.5 58
141.7 74
141.9 57
142.1 68
142.3 47
142.5 61
142.7 49
142.9 45
143.1 57
143.3 60
143.5 57
143.7 60
143.9 64
144.1 61
144.3 63
144.5 49
144.7 65
144.9 69
145.1 57
145.3 60
145.5 45
145.7 64
145.9 43
146.1 52
146.3 42
146.5 46
146.7 48
146.9 48
147.1 54
147.3 58
147.5 45
147.7 47
147.9 43
148.1 45
148.3 31
148.5 57
148.7 47
148.9 58
149.1 29
149.3 42
149.5 36
149.7 44
149.9 38
150.1 50
150.3 49
150.5 33
150.7 39
150.9 35
151.1 35
151.3 32
151.5 32
151.7 31
151.9 38
152.1 38
152.3 34
152.5 33
152.7 32
152.9 38
153.1 24
153.3 34
153.5 33
153.7 28
153.9 24
154.1 35
154.3 37
154.5 26
154.7 25
154.9 28
155.1 26
155.3 25
155.5 22
155.7 24
155.9 21
156.1 22
156.3 27
156.5 17
156.7 30
156.9 28
157.1 25
157.3 22
157.5 20
157.7 24
157.9 20
158.1 18
158.3 13
158.5 20
158.7 24
158.9 14
159.1 15
159.3 21
159.5 15
159.7 18
159.9 10
160.1 18
160.3 14
160.5 13
160.7 12
160.9 10
161.1 8
161.3 7
161.5 9
161.7 9
161.9 15
162.1 8
162.3 5
162.5 6
162.7 13
162.9 11
163.1 10
163.3 5
163.5 7
163.7 6
163.9 10
164.1 9
164.3 6
164.5 4
164.7 12
164.9 4
165.1 0
165.3 4
165.5 6
165.7 4
165.9 6
166.1 3
166.3 4
166.5 5
166.7 8
166.9 7
167.1 4
167.3 3
167.5 5
167.7 6
167.9 3
168.1 5
168.3 0
168.5 2
168.7 3
168.9 7
169.1 2
169.3 0
169.5 3
169.7 2
169.9 2
