1040
-37.7 0.000103986
-37.5 0.000223136
-37.3 0.00036395
-37.1 0.000571921
-36.9 0.000812388
-36.7 0.00114168
-36.5 0.00151213
-36.3 0.00192157
-36.1 0.00237217
-35.9 0.00294626
-35.7 0.00354851
-35.5 0.00422009
-35.3 0.00494799
-35.1 0.00566289
-34.9 0.00648394
-34.7 0.00731366
-34.5 0.00817587
-34.3 0.0089861
-34.1 0.00986997
-33.9 0.0107517
-33.7 0.0116572
-33.5 0.0125649
-33.3 0.0134748
-33.1 0.0144345
-32.9 0.0153899
-32.7 0.0164059
-32.5 0.0175173
-32.3 0.0185095
-32.1 0.019532
-31.9 0.0205263
-31.7 0.021551
-31.5 0.0226017
-31.3 0.0236502
-31.1 0.0247681
-30.9 0.0258968
-30.7 0.0269713
-30.5 0.0281086
-30.3 0.0292005
-30.1 0.030314
-29.9 0.0314665
-29.7 0.0325908
-29.5 0.0337542
-29.3 0.0348634
-29.1 0.0360094
-28.9 0.0371142
-28.7 0.0382147
-28.5 0.0393932
-28.3 0.0404634
-28.1 0.0415639
-27.9 0.0427056
-27.7 0.0438668
-27.5 0.0449391
-27.3 0.0459812
-27.1 0.0470947
-26.9 0.0481345
-26.7 0.0493932
-26.5 0.050615
-26.3 0.0517285
-26.1 0.0529309
-25.9 0.0541051
-25.7 0.0552402
-25.5 0.0563624
-25.3 0.0574521
-25.1 0.0585028
-24.9 0.059586
-24.7 0.060719
-24.5 0.0618628
-24.3 0.0630543
-24.1 0.0641765
-23.9 0.0652272
-23.7 0.0664122
-23.5 0.0675365
-23.3 0.0686674
-23.1 0.0698091
-22.9 0.0708662
-22.7 0.0719408
-22.5 0.0729633
-22.3 0.0739923
-22.1 0.0750018
-21.9 0.07615
-21.7 0.077218
-21.5 0.0783294
-21.3 0.0794147
-21.1 0.0805066
-20.9 0.0816136
-20.7 0.0827813
-20.5 0.0840313
-20.3 0.0851751
-20.1 0.0862323
-19.9 0.0873761
-19.7 0.0885438
-19.5 0.089796
-19.3 0.090916
-19.1 0.0920902
-18.9 0.0932383
-18.7 0.0944493
-18.5 0.0955238
-18.3 0.0966265
-18.1 0.0978202
-17.9 0.0990355
-17.7 0.100277
-17.5 0.101575
-17.3 0.102749
-17.1 0.104003
-16.9 0.105212
-16.7 0.106386
-16.5 0.107478
-16.3 0.108648
-16.1 0.109852
-15.9 0.111044
-15.7 0.112233
-15.5 0.113414
-15.3 0.114594
-15.1 0.11576
-14.9 0.116847
-14.7 0.117996
-14.5 0.119109
-14.3 0.120381
-14.1 0.121637
-13.9 0.122855
-13.7 0.123999
-13.5 0.125164
-13.3 0.126295
-13.1 0.127484
-12.9 0.128684
-12.7 0.129904
-12.5 0.131031
-12.3 0.132174
-12.1 0.133325
-11.9 0.134525
-11.7 0.135714
-11.5 0.13683
-11.3 0.138
-11.1 0.139232
-10.9 0.1404
-10.7 0.141648
-10.5 0.142785
-10.3 0.143999
-10.1 0.145257
-9.9 0.146548
-9.7 0.147727
-9.5 0.14892
-9.3 0.15016
-9.1 0.151509
-8.9 0.152725
-8.7 0.153907
-8.5 0.15516
-8.3 0.156342
-8.1 0.157517
-7.9 0.158764
-7.7 0.15993
-7.5 0.161059
-7.3 0.162151
-7.1 0.16337
-6.9 0.164653
-6.7 0.16592
-6.5 0.167101
-6.3 0.168329
-6.1 0.169596
-5.9 0.170803
-5.7 0.171951
-5.5 0.173082
-5.3 0.174302
-5.1 0.175571
-4.9 0.176769
-4.7 0.17808
-4.5 0.179306
-4.3 0.180554
-4.1 0.181769
-3.9 0.182997
-3.7 0.184239
-3.5 0.185441
-3.3 0.186639
-3.1 0.187883
-2.9 0.189133
-2.7 0.190409
-2.5 0.191574
-2.3 0.192839
-2.1 0.194085
-1.9 0.195294
-1.7 0.196578
-1.5 0.197789
-1.3 0.198925
-1.1 0.200133
-0.900001 0.201386
-0.700001 0.202597
-0.500001 0.203756
-0.300001 0.204971
-0.100001 0.206217
0.0999994 0.20743
0.299999 0.208704
0.499999 0.210066
0.699999 0.211238
0.899999 0.212451
1.1 0.213747
1.3 0.215051
1.5 0.216221
1.7 0.217395
1.9 0.218645
2.1 0.21996
2.3 0.221169
2.5 0.22238
2.7 0.223626
2.9 0.224832
3.1 0.226091
3.3 0.227412
3.5 0.228628
3.7 0.229947
3.9 0.231232
4.1 0.232473
4.3 0.233792
4.5 0.235036
4.7 0.23629
4.9 0.237594
5.1 0.238855
5.3 0.240094
5.5 0.241383
5.7 0.242696
5.9 0.244007
6.1 0.245274
6.3 0.246548
6.5 0.247848
6.7 0.249072
6.9 0.250263
7.1 0.251463
7.3 0.252763
7.5 0.253998
7.7 0.255164
7.9 0.256368
8.1 0.25759
8.3 0.258818
8.5 0.259999
8.7 0.261173
8.9 0.26241
9.1 0.263617
9.3 0.264854
9.5 0.266084
9.7 0.267313
9.9 0.268589
10.1 0.269787
10.3 0.270993
10.5 0.27223
10.7 0.273528
10.9 0.274776
11.1 0.276054
11.3 0.277356
11.5 0.278569
11.7 0.279799
11.9 0.281034
12.1 0.282226
12.3 0.283489
12.5 0.284776
12.7 0.285954
12.9 0.287193
13.1 0.288573
13.3 0.289845
13.5 0.291188
13.7 0.292442
13.9 0.293662
14.1 0.294919
14.3 0.296264
14.5 0.297447
14.7 0.298701
14.9 0.299849
15.1 0.301171
15.3 0.302501
15.5 0.303664
15.7 0.304897
15.9 0.306134
16.1 0.30738
16.3 0.308671
16.5 0.309929
16.7 0.311125
16.9 0.312356
17.1 0.313638
17.3 0.314853
17.5 0.316119
17.7 0.317334
17.9 0.31861
18.1 0.31991
18.3 0.321181
18.5 0.322427
18.7 0.323658
18.9 0.324929
19.1 0.326149
19.3 0.327386
19.5 0.328627
19.7 0.329897
19.9 0.331108
20.1 0.332466
20.3 0.333716
20.5 0.334877
20.7 0.336158
20.9 0.337369
21.1 0.338634
21.3 0.339905
21.5 0.341147
21.7 0.342405
21.9 0.343636
22.1 0.344901
22.3 0.346082
22.5 0.347349
22.7 0.348619
22.9 0.349845
23.1 0.351103
23.3 0.352312
23.5 0.35353
23.7 0.35481
23.9 0.356001
24.1 0.357195
24.3 0.358456
24.5 0.35973
24.7 0.360941
24.9 0.362184
25.1 0.363439
25.3 0.364717
25.5 0.366004
25.7 0.367293
25.9 0.36851
26.1 0.369754
26.3 0.370997
26.5 0.372271
26.7 0.373527
26.9 0.374754
27.1 0.375906
27.3 0.377095
27.5 0.378287
27.7 0.37958
27.9 0.380748
28.1 0.381909
28.3 0.383231
28.5 0.384481
28.7 0.385793
28.9 0.387026
29.1 0.388306
29.3 0.389574
29.5 0.390852
29.7 0.392085
29.9 0.393313
30.1 0.394572
30.3 0.395802
30.5 0.397024
30.7 0.398298
30.9 0.399498
31.1 0.400689
31.3 0.401939
31.5 0.403215
31.7 0.404509
31.9 0.405756
32.1 0.40695
32.3 0.408267
32.5 0.4095
32.7 0.410746
32.9 0.412037
33.1 0.413261
33.3 0.414519
33.5 0.415752
33.7 0.416952
33.9 0.418107
34.1 0.419266
34.3 0.420531
34.5 0.421738
34.7 0.422988
34.9 0.424158
35.1 0.425447
35.3 0.426655
35.5 0.427949
35.7 0.42921
35.9 0.430425
36.1 0.431567
36.3 0.432864
36.5 0.434099
36.7 0.435314
36.9 0.436404
37.1 0.437604
37.3 0.438707
37.5 0.439872
37.7 0.441062
37.9 0.44221
38.1 0.44346
38.3 0.444714
38.5 0.445906
38.7 0.447052
38.9 0.448347
39.1 0.449593
39.3 0.450856
39.5 0.451995
39.7 0.453163
39.9 0.454277
40.1 0.45549
40.3 0.456727
40.5 0.457866
40.7 0.459095
40.9 0.460297
41.1 0.461501
41.3 0.462723
41.5 0.463826
41.7 0.465004
41.9 0.466283
42.1 0.467543
42.3 0.46872
42.5 0.469864
42.7 0.471124
42.9 0.472288
43.1 0.473512
43.3 0.47466
43.5 0.475919
43.7 0.477205
43.9 0.47838
44.1 0.479643
44.3 0.480906
44.5 0.482138
44.7 0.483393
44.9 0.48463
45.1 0.485797
45.3 0.487
45.5 0.488143
45.7 0.489348
45.9 0.490576
46.1 0.491701
46.3 0.492877
46.5 0.494075
46.7 0.495156
46.9 0.49633
47.1 0.497535
47.3 0.498785
47.5 0.500002
47.7 0.501202
47.9 0.502416
48.1 0.503627
48.3 0.504816
48.5 0.505912
48.7 0.50708
48.9 0.508265
49.1 0.509452
49.3 0.510559
49.5 0.511761
49.7 0.513005
49.9 0.514071
50.1 0.515253
50.3 0.516423
50.5 0.517597
50.7 0.518735
50.9 0.520022
51.1 0.521226
51.3 0.522467
51.5 0.523551
51.7 0.524697
51.9 0.525851
52.1 0.526982
52.3 0.528158
52.5 0.529287
52.7 0.530526
52.9 0.531722
53.1 0.53282
53.3 0.533934
53.5 0.535158
53.7 0.536369
53.9 0.537522
54.1 0.538704
54.3 0.539855
54.5 0.540999
54.7 0.542186
54.9 0.543429
55.1 0.544567
55.3 0.545726
55.5 0.546804
55.7 0.548005
55.9 0.549155
56.1 0.550359
56.3 0.551525
56.5 0.552721
56.7 0.553826
56.9 0.554941
57.1 0.556057
57.3 0.557209
57.5 0.558345
57.7 0.559486
57.9 0.560608
58.1 0.561683
58.3 0.562838
58.5 0.564008
58.7 0.565177
58.9 0.566206
59.1 0.567272
59.3 0.568403
59.5 0.569614
59.7 0.57079
59.9 0.571848
60.1 0.573024
60.3 0.574144
60.5 0.575331
60.7 0.576414
60.9 0.577597
61.1 0.578791
61.3 0.579852
61.5 0.580951
61.7 0.58204
61.9 0.583132
62.1 0.58433
62.3 0.585455
62.5 0.586622
62.7 0.587818
62.9 0.588951
63.1 0.590093
63.3 0.591239
63.5 0.592248
63.7 0.593409
63.9 0.594519
64.1 0.595669
64.3 0.596854
64.5 0.598009
64.7 0.599051
64.9 0.600119
65.1 0.601234
65.3 0.60235
65.5 0.603464
65.7 0.604666
65.9 0.605831
66.1 0.606856
66.3 0.608004
66.5 0.60917
66.7 0.610238
66.9 0.611412
67.1 0.612616
67.3 0.61375
67.5 0.614857
67.7 0.616018
67.9 0.617094
68.1 0.618219
68.3 0.619274
68.5 0.620361
68.7 0.62146
68.9 0.622562
69.1 0.623693
69.3 0.624765
69.5 0.625844
69.7 0.626891
69.9 0.628078
70.1 0.629148
70.3 0.630301
70.5 0.631412
70.7 0.632532
70.9 0.633702
71.1 0.634778
71.3 0.635879
71.5 0.637053
71.7 0.638184
71.9 0.63922
72.1 0.640246
72.3 0.641321
72.5 0.642389
72.7 0.64352
72.9 0.644586
73.1 0.645569
73.3 0.646631
73.5 0.647733
73.7 0.648864
73.9 0.649932
74.1 0.651126
74.3 0.652196
74.5 0.653294
74.7 0.654293
74.9 0.655283
75.1 0.656299
75.3 0.657389
75.5 0.658481
75.7 0.659577
75.9 0.660649
76.1 0.661615
76.3 0.662675
76.5 0.663721
76.7 0.664796
76.9 0.665944
77.1 0.666992
77.3 0.668102
77.5 0.669167
77.7 0.670329
77.9 0.671386
78.1 0.672454
78.3 0.673569
78.5 0.67451
78.7 0.67558
78.9 0.676581
79.1 0.677573
79.3 0.67858
79.5 0.679683
79.7 0.680786
79.9 0.681862
80.1 0.682995
80.3 0.684046
80.5 0.685099
80.7 0.686102
80.9 0.687192
81.1 0.688221
81.3 0.689224
81.5 0.690253
81.7 0.691329
81.9 0.69243
82.1 0.693539
82.3 0.694668
82.5 0.695721
82.7 0.696802
82.9 0.697917
83.1 0.698927
83.3 0.699897
83.5 0.700978
83.7 0.702118
83.9 0.703179
84.1 0.704282
84.3 0.70527
84.5 0.706279
84.7 0.707354
84.9 0.708361
85.1 0.709315
85.3 0.710324
85.5 0.711275
85.7 0.712404
85.9 0.713459
86.1 0.714518
86.3 0.715489
86.5 0.716498
86.7 0.717521
86.9 0.718474
87.1 0.719499
87.3 0.720515
87.5 0.721487
87.7 0.722506
87.9 0.723574
88.1 0.72457
88.3 0.725519
88.5 0.726466
88.7 0.727497
88.9 0.728541
89.1 0.729559
89.3 0.730495
89.5 0.731565
89.7 0.732599
89.9 0.733617
90.1 0.7346
90.3 0.735614
90.5 0.736576
90.7 0.73757
90.9 0.738493
91.1 0.739466
91.3 0.740463
91.5 0.741552
91.7 0.742531
91.9 0.743554
92.1 0.744566
92.3 0.745703
92.5 0.746678
92.7 0.747666
92.9 0.748667
93.1 0.749659
93.3 0.750729
93.5 0.751706
93.7 0.752664
93.9 0.753688
94.1 0.754659
94.3 0.755703
94.5 0.756654
94.7 0.757677
94.9 0.758641
95.1 0.759641
95.3 0.76067
95.5 0.761533
95.7 0.762479
95.9 0.763567
96.1 0.764511
96.3 0.765456
96.5 0.766437
96.7 0.767399
96.9 0.768322
97.1 0.76934
97.3 0.770298
97.5 0.771253
97.7 0.772239
97.9 0.773186
98.1 0.774152
98.3 0.77509
98.5 0.776091
98.7 0.777048
98.9 0.777962
99.1 0.778916
99.3 0.77988
99.5 0.780844
99.7 0.781777
99.9 0.782735
100.1 0.783666
100.3 0.78463
100.5 0.785699
100.7 0.786712
100.9 0.787696
101.1 0.78871
101.3 0.789633
101.5 0.790631
101.7 0.791637
101.9 0.792562
102.1 0.793558
102.3 0.79452
102.5 0.795462
102.7 0.796433
102.9 0.79733
103.1 0.798231
103.3 0.799178
103.5 0.800122
103.7 0.800967
103.9 0.801946
104.1 0.802928
104.3 0.803831
104.5 0.804795
104.7 0.805714
104.9 0.806652
105.1 0.807633
105.3 0.808588
105.5 0.809591
105.7 0.810512
105.9 0.811372
106.1 0.812247
106.3 0.813196
106.5 0.814121
106.7 0.815042
106.9 0.815986
107.1 0.816866
107.3 0.817787
107.5 0.818718
107.7 0.819637
107.9 0.820519
108.1 0.82153
108.3 0.822479
108.5 0.823421
108.7 0.824362
108.9 0.825248
109.1 0.826188
109.3 0.827145
109.5 0.82801
109.7 0.828924
109.9 0.829791
110.1 0.830718
110.3 0.831591
110.5 0.832451
110.7 0.833324
110.9 0.834212
111.1 0.835092
111.3 0.835971
111.5 0.836896
111.7 0.8377
111.9 0.838623
112.1 0.839548
112.3 0.840406
112.5 0.841298
112.7 0.842204
112.9 0.843064
113.1 0.843967
113.3 0.844845
113.5 0.845692
113.7 0.846504
113.9 0.847412
114.1 0.848213
114.3 0.849006
114.5 0.849797
114.7 0.850651
114.9 0.851528
115.1 0.852327
115.3 0.853179
115.5 0.854037
115.7 0.854897
115.9 0.855761
116.1 0.856526
116.3 0.857349
116.5 0.858155
116.7 0.858965
116.9 0.859771
117.1 0.860605
117.3 0.861385
117.5 0.862217
117.7 0.863057
117.9 0.863779
118.1 0.864567
118.3 0.865384
118.5 0.866233
118.7 0.867065
118.9 0.867869
119.1 0.868612
119.3 0.86939
119.5 0.870198
119.7 0.87103
119.9 0.871833
120.1 0.872693
120.3 0.873525
120.5 0.874355
120.7 0.87512
120.9 0.875958
121.1 0.876656
121.3 0.877462
121.5 0.87827
121.7 0.879052
121.9 0.879829
122.1 0.880588
122.3 0.88135
122.5 0.882132
122.7 0.882821
122.9 0.883616
123.1 0.884444
123.3 0.885221
123.5 0.885984
123.7 0.886751
123.9 0.887494
124.1 0.888254
124.3 0.889032
124.5 0.889717
124.7 0.89044
124.9 0.891142
125.1 0.891892
125.3 0.892628
125.5 0.893367
125.7 0.894093
125.9 0.894836
126.1 0.895659
126.3 0.896406
126.5 0.897173
126.7 0.897912
126.9 0.898629
127.1 0.899387
127.3 0.900163
127.5 0.900899
127.7 0.901692
127.9 0.902392
128.1 0.903129
128.3 0.903852
128.5 0.904537
128.7 0.905252
128.9 0.905954
129.1 0.906664
129.3 0.907409
129.5 0.908111
129.7 0.908774
129.9 0.909563
130.1 0.91028
130.3 0.910986
130.5 0.91169
130.7 0.912416
130.9 0.913092
131.1 0.913785
131.3 0.914428
131.5 0.915159
131.7 0.915819
131.9 0.916504
132.1 0.917171
132.3 0.917806
132.5 0.918458
132.7 0.919134
132.9 0.919723
133.1 0.920371
133.3 0.921023
133.5 0.921675
133.7 0.92234
133.9 0.922981
134.1 0.923681
134.3 0.924322
134.5 0.925067
134.7 0.925696
134.9 0.926309
135.1 0.926944
135.3 0.92763
135.5 0.928222
135.7 0.928846
135.9 0.929452
136.1 0.930124
136.3 0.930756
136.5 0.931389
136.7 0.931963
136.9 0.932567
137.1 0.933168
137.3 0.933735
137.5 0.934396
137.7 0.935031
137.9 0.935609
138.1 0.936239
138.3 0.936876
138.5 0.937453
138.7 0.938031
138.9 0.938638
139.1 0.93922
139.3 0.939751
139.5 0.940332
139.7 0.940895
139.9 0.941497
140.1 0.942045
140.3 0.942641
140.5 0.943193
140.7 0.943785
140.9 0.944404
141.1 0.945046
141.3 0.945583
141.5 0.94612
141.7 0.94671
141.9 0.947338
142.1 0.947916
142.3 0.948486
142.5 0.949043
142.7 0.949567
142.9 0.950113
143.1 0.950631
143.3 0.95119
143.5 0.951766
143.7 0.952333
143.9 0.952827
144.1 0.95338
144.3 0.953945
144.5 0.954491
144.7 0.955011
144.9 0.955615
145.1 0.956183
145.3 0.956744
145.5 0.957325
145.7 0.957849
145.9 0.958399
146.1 0.958949
146.3 0.959478
146.5 0.959998
146.7 0.960494
146.9 0.961001
147.1 0.961491
147.3 0.961948
147.5 0.962429
147.7 0.962931
147.9 0.963362
148.1 0.96383
148.3 0.964246
148.5 0.964664
148.7 0.965134
148.9 0.965548
149.1 0.96599
149.3 0.966454
149.5 0.966898
149.7 0.967452
149.9 0.967918
150.1 0.968371
150.3 0.968845
150.5 0.969335
150.7 0.969775
150.9 0.970271
151.1 0.970741
151.3 0.971202
151.5 0.971642
151.7 0.972067
151.9 0.97252
152.1 0.972897
152.3 0.973317
152.5 0.973715
152.7 0.974121
152.9 0.974604
153.1 0.975039
153.3 0.975466
153.5 0.975862
153.7 0.976278
153.9 0.976707
154.1 0.977132
154.3 0.977552
154.5 0.977951
154.7 0.978401
154.9 0.978809
155.1 0.979194
155.3 0.979552
155.5 0.979931
155.7 0.980314
155.9 0.980663
156.1 0.981025
156.3 0.981406
156.5 0.981768
156.7 0.982112
156.9 0.982442
157.1 0.982825
157.3 0.983219
157.5 0.98357
157.7 0.983871
157.9 0.984179
158.1 0.984534
158.3 0.9849
158.5 0.985264
158.7 0.985587
158.9 0.985923
159.1 0.986224
159.3 0.986543
159.5 0.986887
159.7 0.987216
159.9 0.987502
160.1 0.987873
160.3 0.988193
160.5 0.988438
160.7 0.988728
160.9 0.989036
161.1 0.989335
161.3 0.989625
161.5 0.989892
161.7 0.99013
161.9 0.990433
162.1 0.990672
162.3 0.990925
162.5 0.991209
162.7 0.991475
162.9 0.991709
163.1 0.991926
163.3 0.992234
163.5 0.992498
163.7 0.992762
163.9 0.992985
164.1 0.993239
164.3 0.993486
164.5 0.993776
164.7 0.994051
164.9 0.994276
165.1 0.994504
165.3 0.994708
165.5 0.994942
165.7 0.99521
165.9 0.995468
166.1 0.995706
166.3 0.995947
166.5 0.996155
166.7 0.996389
166.9 0.996631
167.1 0.996841
167.3 0.997086
167.5 0.997312
167.7 0.997524
167.9 0.997769
168.1 0.997959
168.3 0.998169
168.5 0.998356
168.7 0.998579
168.9 0.9988
169.1 0.999019
169.3 0.999211
169.5 0.99945
169.7 0.999647
169.9 0.99984
170.1 1
