0. 	0.09765625
0. 	0.09765625
0. 	0.09765625
0. 	0.09765625	#3
0. 	0.09765625	#4
0. 	0.09765625	#5
0. 	0.09765625	#6
0. 	0.09765625	#7
0.		0.09765625	#8
0. 	0.09765625
0. 	0.09765625
0. 	0.09765625
0. 	0.09765625
0. 	0.09765625

#===================================


-1.1 	0.09765625
-1.1 	0.09765625
-1.1 	0.09765625
0. 	0.09765625	#3
0.3 	0.09765625	#4
1. 	0.09765625	#5
2. 	0.09765625	#6
2.6 	0.09765625	#7
0.		0.09765625	#8
0. 	0.09765625
0. 	0.09765625
0. 	0.09765625
0. 	0.09765625
0. 	0.09765625
#==================================
45.3 	0.09765625
45.3 	0.09765625
45.3 	0.09765625
46.4 	0.09765625	#3
46.7 	0.09765625	#4
47.4 	0.09765625	#5
48.4 	0.09765625	#6
49.0 	0.09765625	#7
46.4	0.09765625	#8
46.4 	0.09765625
46.4 	0.09765625
0. 	0.09765625
0. 	0.09765625
0. 	0.09765625

