522.    0.17
319.    0.48
429.    0.33
443.    0.36	#3
441.    0.34	#4
566.    0.34
486.    0.36
607.    0.37	#7
439.    0.36	#8
577.    0.35	#9
585.    0.22
-60.  -1.
-60.  -1.
-60.  -1.


#=========================== align by adjecent Nyoki
-273.		0.71  	#0
-687.		1.23		#1
-407.		0.85		#2
-391.		0.945		#3
-400. 	0.89
-108. 	0.89
-293.		0.954
0.			1.
-404.    0.967       #-253.		0.97
5.3		0.877		#9
11.		0.57
-600.		-1
-600.		-1
-600.		-1


#==========================
0.6186	0.0019427		#2
0.6552	0.0021598		#3
0.6346 	0.0020341
1.3020 	0.0020341
0.8792	0.0021804
1.5489	0.0022856		#7 ref
0.9706	0.0022170
1.5610	0.0020044		#9
1.5740	0.0013028
-600.		-1
-600.		-1
-600.		-1

#===========================
0.    1.  #0
0.    1.
0.    1.
-400. 0.945
-587. 0.909
-108. 0.891
-265. 0.934 
0.    1.
-404. 0.967
0.    1.
0.    1.
0.    1.
0.    1.
0.    1.
