1024
-28.5 0.000103455
-28.3 0.000206911
-28.1 0.000310366
-27.9 0.000413822
-27.7 0.000517277
-27.5 0.000620732
-27.3 0.000931099
-27.1 0.00113801
-26.9 0.00144838
-26.7 0.0018622
-26.5 0.00237947
-26.3 0.00341403
-26.1 0.00434513
-25.9 0.00537968
-25.7 0.00641424
-25.5 0.00744879
-25.3 0.00889717
-25.1 0.0108628
-24.9 0.0120008
-24.7 0.0128285
-24.5 0.0145872
-24.3 0.0158287
-24.1 0.0168632
-23.9 0.0178978
-23.7 0.0194496
-23.5 0.0202773
-23.3 0.0218291
-23.1 0.0228636
-22.9 0.0242086
-22.7 0.0252431
-22.5 0.026795
-22.3 0.0287606
-22.1 0.0304159
-21.9 0.0325885
-21.7 0.0348645
-21.5 0.0363128
-21.3 0.038175
-21.1 0.0401407
-20.9 0.0414856
-20.7 0.0432444
-20.5 0.0459342
-20.3 0.0480033
-20.1 0.0500724
-19.9 0.0517277
-19.7 0.0537968
-19.5 0.0557625
-19.3 0.0574178
-19.1 0.0595903
-18.9 0.0612456
-18.7 0.0623836
-18.5 0.0643493
-18.3 0.0665218
-18.1 0.0682806
-17.9 0.07066
-17.7 0.0723153
-17.5 0.0740741
-17.3 0.0753155
-17.1 0.0768674
-16.9 0.0785227
-16.7 0.0796607
-16.5 0.081316
-16.3 0.083592
-16.1 0.0850403
-15.9 0.0864887
-15.7 0.0885578
-15.5 0.0912477
-15.3 0.092696
-15.1 0.0947652
-14.9 0.0959032
-14.7 0.0980757
-14.5 0.098593
-14.3 0.100041
-14.1 0.102214
-13.9 0.10449
-13.7 0.105421
-13.5 0.106663
-13.3 0.108835
-13.1 0.10987
-12.9 0.111215
-12.7 0.112559
-12.5 0.114215
-12.3 0.11556
-12.1 0.117008
-11.9 0.118767
-11.7 0.120319
-11.5 0.121974
-11.3 0.124353
-11.1 0.126009
-10.9 0.128181
-10.7 0.129526
-10.5 0.131906
-10.3 0.133768
-10.1 0.135527
-9.9 0.136975
-9.7 0.13832
-9.5 0.139975
-9.3 0.141527
-9.1 0.142355
-8.9 0.143906
-8.7 0.145251
-8.5 0.146803
-8.3 0.148252
-8.1 0.1497
-7.9 0.151666
-7.7 0.153011
-7.5 0.154666
-7.3 0.157045
-7.1 0.15839
-6.9 0.159632
-6.7 0.160666
-6.5 0.161597
-6.3 0.162839
-6.1 0.164701
-5.9 0.165425
-5.7 0.166977
-5.5 0.167908
-5.3 0.169977
-5.1 0.171426
-4.9 0.172564
-4.7 0.174115
-4.5 0.17515
-4.3 0.176598
-4.1 0.177943
-3.9 0.180116
-3.7 0.181875
-3.5 0.182702
-3.3 0.183944
-3.1 0.185185
-2.9 0.18684
-2.7 0.188599
-2.5 0.190668
-2.3 0.192117
-2.1 0.193255
-1.9 0.195427
-1.7 0.198738
-1.5 0.199669
-1.3 0.201117
-1.1 0.202048
-0.9 0.20298
-0.7 0.204428
-0.5 0.205773
-0.3 0.206497
-0.0999998 0.208049
0.1 0.210118
0.3 0.211566
0.5 0.212911
0.7 0.214049
0.9 0.21498
1.1 0.216739
1.3 0.218705
1.5 0.219739
1.7 0.221395
1.9 0.222326
2.1 0.224084
2.3 0.225222
2.5 0.227085
2.7 0.227912
2.9 0.228843
3.1 0.229878
3.3 0.231119
3.5 0.232982
3.7 0.234327
3.9 0.235258
4.1 0.236085
4.3 0.23743
4.5 0.238775
4.7 0.240637
4.9 0.242499
5.1 0.244051
5.3 0.245189
5.5 0.246327
5.7 0.247258
5.9 0.248396
6.1 0.250155
6.3 0.251707
6.5 0.252742
6.7 0.254293
6.9 0.256052
7.1 0.257294
7.3 0.258845
7.5 0.260294
7.7 0.261639
7.9 0.263397
8.1 0.264742
8.3 0.265984
8.5 0.267122
8.7 0.268777
8.9 0.270122
9.1 0.271157
9.3 0.271777
9.5 0.273329
9.7 0.274157
9.9 0.275502
10.1 0.277157
10.3 0.278502
10.5 0.279537
10.7 0.281088
10.9 0.28264
11.1 0.284399
11.3 0.285847
11.5 0.286675
11.7 0.287606
11.9 0.288848
12.1 0.290606
12.3 0.291951
12.5 0.293089
12.7 0.294641
12.9 0.296089
13.1 0.297331
13.3 0.298779
13.5 0.300848
13.7 0.302193
13.9 0.303538
14.1 0.304987
14.3 0.305814
14.5 0.306849
14.7 0.307987
14.9 0.309125
15.1 0.31109
15.3 0.312746
15.5 0.313263
15.7 0.314815
15.9 0.316574
16.1 0.318332
16.3 0.319056
16.5 0.320298
16.7 0.321746
16.9 0.323505
17.1 0.324747
17.3 0.325678
17.5 0.326505
17.7 0.328161
17.9 0.329609
18.1 0.331057
18.3 0.332816
18.5 0.334471
18.7 0.336127
18.9 0.337161
19.1 0.338196
19.3 0.339954
19.5 0.341817
19.7 0.342644
19.9 0.343679
20.1 0.345024
20.3 0.346369
20.5 0.348024
20.7 0.349783
20.9 0.350817
21.1 0.351955
21.3 0.352886
21.5 0.354231
21.7 0.355783
21.9 0.356714
22.1 0.357852
22.3 0.360025
22.5 0.36137
22.7 0.363128
22.9 0.364267
23.1 0.365198
23.3 0.366129
23.5 0.367163
23.7 0.368612
23.9 0.37006
24.1 0.372233
24.3 0.373371
24.5 0.374819
24.7 0.376164
24.9 0.376785
25.1 0.37844
25.3 0.380095
25.5 0.381647
25.7 0.382888
25.9 0.38444
26.1 0.385992
26.3 0.387234
26.5 0.388475
26.7 0.389096
26.9 0.390234
27.1 0.391579
27.3 0.392199
27.5 0.393337
27.7 0.394786
27.9 0.395924
28.1 0.397476
28.3 0.398096
28.5 0.399959
28.7 0.401407
28.9 0.403476
29.1 0.405131
29.3 0.406062
29.5 0.407614
29.7 0.409787
29.9 0.410615
30.1 0.411546
30.3 0.412994
30.5 0.41496
30.7 0.416822
30.9 0.417753
31.1 0.419305
31.3 0.420753
31.5 0.421891
31.7 0.422822
31.9 0.424167
32.1 0.425202
32.3 0.42634
32.5 0.427788
32.7 0.429236
32.9 0.430685
33.1 0.431823
33.3 0.433685
33.5 0.43472
33.7 0.435651
33.9 0.436582
34.1 0.438237
34.3 0.439479
34.5 0.441237
34.7 0.442686
34.9 0.444444
35.1 0.445686
35.3 0.447548
35.5 0.449617
35.7 0.450755
35.9 0.451583
36.1 0.453031
36.3 0.453962
36.5 0.455307
36.7 0.456238
36.9 0.457583
37.1 0.458928
37.3 0.459342
37.5 0.460687
37.7 0.462032
37.9 0.463066
38.1 0.464515
38.3 0.465756
38.5 0.466584
38.7 0.467308
38.9 0.468446
39.1 0.46917
39.3 0.470722
39.5 0.472067
39.7 0.472791
39.9 0.474136
40.1 0.475585
40.3 0.476723
40.5 0.478688
40.7 0.480654
40.9 0.481585
41.1 0.482826
41.3 0.484171
41.5 0.48562
41.7 0.486447
41.9 0.487585
42.1 0.48862
42.3 0.489241
42.5 0.489758
42.7 0.491103
42.9 0.492655
43.1 0.493379
43.3 0.49462
43.5 0.495758
43.7 0.496689
43.9 0.497827
44.1 0.498862
44.3 0.500103
44.5 0.501448
44.7 0.502173
44.9 0.503
45.1 0.504242
45.3 0.505794
45.5 0.507345
45.7 0.508587
45.9 0.509621
46.1 0.510966
46.3 0.51169
46.5 0.512932
46.7 0.51438
46.9 0.515725
47.1 0.51676
47.3 0.517898
47.5 0.518725
47.7 0.520174
47.9 0.521208
48.1 0.522243
48.3 0.52276
48.5 0.523588
48.7 0.525036
48.9 0.525864
49.1 0.527002
49.3 0.528761
49.5 0.530519
49.7 0.531554
49.9 0.532795
50.1 0.534554
50.3 0.535692
50.5 0.536727
50.7 0.538382
50.9 0.539003
51.1 0.540244
51.3 0.541072
51.5 0.542313
51.7 0.543037
51.9 0.543865
52.1 0.5449
52.3 0.546658
52.5 0.5479
52.7 0.549245
52.9 0.550383
53.1 0.551728
53.3 0.552659
53.5 0.553693
53.7 0.555038
53.9 0.556694
54.1 0.557521
54.3 0.558866
54.5 0.560625
54.7 0.56197
54.9 0.563625
55.1 0.564556
55.3 0.565901
55.5 0.567039
55.7 0.568177
55.9 0.569522
56.1 0.570867
56.3 0.572005
56.5 0.573764
56.7 0.575005
56.9 0.576143
57.1 0.577074
57.3 0.578005
57.5 0.578936
57.7 0.579868
57.9 0.581419
58.1 0.583075
58.3 0.584316
58.5 0.585247
58.7 0.586178
58.9 0.587213
59.1 0.588972
59.3 0.589903
59.5 0.59073
59.7 0.591455
59.9 0.592386
60.1 0.593938
60.3 0.594662
60.5 0.596007
60.7 0.597662
60.9 0.599007
61.1 0.600972
61.3 0.60211
61.5 0.603042
61.7 0.60449
61.9 0.605628
62.1 0.606869
62.3 0.608214
62.5 0.61018
62.7 0.612042
62.9 0.613594
63.1 0.615042
63.3 0.616284
63.5 0.617836
63.7 0.619284
63.9 0.620732
64.1 0.62187
64.3 0.623008
64.5 0.624457
64.7 0.626112
64.9 0.62725
65.1 0.628285
65.3 0.628905
65.5 0.629526
65.7 0.630561
65.9 0.631492
66.1 0.632526
66.3 0.633768
66.5 0.635113
66.7 0.635837
66.9 0.637596
67.1 0.638941
67.3 0.639665
67.5 0.640699
67.7 0.641837
67.9 0.643182
68.1 0.645458
68.3 0.646286
68.5 0.647941
68.7 0.648665
68.9 0.650217
69.1 0.651873
69.3 0.653424
69.5 0.654252
69.7 0.65539
69.9 0.656942
70.1 0.657459
70.3 0.659011
70.5 0.660459
70.7 0.661597
70.9 0.662735
71.1 0.663873
71.3 0.665115
71.5 0.66646
71.7 0.667287
71.9 0.668012
72.1 0.66915
72.3 0.670288
72.5 0.671839
72.7 0.672874
72.9 0.674322
73.1 0.67515
73.3 0.676598
73.5 0.67784
73.7 0.679081
73.9 0.68053
74.1 0.681357
74.3 0.682392
74.5 0.683116
74.7 0.68384
74.9 0.684771
75.1 0.685806
75.3 0.686634
75.5 0.687254
75.7 0.688082
75.9 0.689116
76.1 0.690565
76.3 0.691599
76.5 0.693358
76.7 0.694393
76.9 0.69522
77.1 0.696565
77.3 0.696979
77.5 0.698634
77.7 0.699255
77.9 0.700497
78.1 0.701842
78.3 0.70329
78.5 0.704221
78.7 0.705256
78.9 0.707428
79.1 0.708049
79.3 0.70929
79.5 0.710014
79.7 0.711049
79.9 0.71198
80.1 0.713118
80.3 0.714153
80.5 0.715291
80.7 0.716118
80.9 0.717049
81.1 0.718187
81.3 0.719325
81.5 0.720463
81.7 0.721084
81.9 0.721808
82.1 0.722636
82.3 0.723878
82.5 0.724912
82.7 0.72574
82.9 0.727085
83.1 0.727912
83.3 0.72874
83.5 0.729361
83.7 0.729981
83.9 0.730706
84.1 0.731223
84.3 0.732361
84.5 0.733292
84.7 0.734327
84.9 0.735361
85.1 0.736499
85.3 0.738051
85.5 0.738982
85.7 0.740017
85.9 0.741258
86.1 0.742499
86.3 0.743327
86.5 0.744258
86.7 0.745396
86.9 0.746327
87.1 0.747672
87.3 0.748707
87.5 0.749328
87.7 0.750259
87.9 0.751293
88.1 0.752328
88.3 0.753362
88.5 0.754086
88.7 0.754707
88.9 0.755431
89.1 0.75688
89.3 0.757914
89.5 0.758328
89.7 0.759363
89.9 0.760294
90.1 0.761328
90.3 0.762673
90.5 0.763811
90.7 0.765363
90.9 0.766501
91.1 0.767432
91.3 0.76857
91.5 0.769088
91.7 0.770846
91.9 0.771984
92.1 0.773433
92.3 0.77426
92.5 0.774778
92.7 0.775605
92.9 0.77664
93.1 0.777157
93.3 0.778399
93.5 0.77933
93.7 0.780261
93.9 0.781088
94.1 0.781916
94.3 0.783157
94.5 0.783882
94.7 0.785123
94.9 0.785847
95.1 0.786158
95.3 0.787192
95.5 0.787606
95.7 0.787813
95.9 0.789054
96.1 0.789675
96.3 0.79071
96.5 0.791744
96.7 0.793089
96.9 0.794124
97.1 0.794744
97.3 0.795572
97.5 0.79671
97.7 0.797331
97.9 0.798158
98.1 0.798469
98.3 0.79971
98.5 0.800331
98.7 0.800952
98.9 0.801676
99.1 0.803124
99.3 0.804055
99.5 0.805193
99.7 0.805711
99.9 0.806642
100.1 0.806952
100.3 0.807676
100.5 0.808814
100.7 0.809539
100.9 0.810677
101.1 0.811711
101.3 0.812849
101.5 0.814091
101.7 0.814608
101.9 0.815332
102.1 0.816263
102.3 0.817194
102.5 0.818125
102.7 0.81916
102.9 0.819781
103.1 0.820194
103.3 0.821022
103.5 0.822471
103.7 0.822781
103.9 0.823919
104.1 0.824747
104.3 0.825471
104.5 0.826505
104.7 0.827333
104.9 0.828367
105.1 0.828885
105.3 0.829816
105.5 0.830643
105.7 0.831161
105.9 0.831782
106.1 0.832506
106.3 0.833644
106.5 0.834575
106.7 0.834989
106.9 0.835816
107.1 0.836437
107.3 0.837472
107.5 0.839023
107.7 0.839541
107.9 0.840989
108.1 0.841713
108.3 0.842955
108.5 0.843679
108.7 0.84461
108.9 0.845438
109.1 0.846369
109.3 0.847093
109.5 0.84761
109.7 0.848231
109.9 0.848645
110.1 0.849162
110.3 0.84999
110.5 0.851231
110.7 0.852059
110.9 0.852783
111.1 0.853818
111.3 0.854749
111.5 0.855887
111.7 0.856611
111.9 0.857232
112.1 0.857749
112.3 0.858473
112.5 0.859197
112.7 0.860128
112.9 0.861266
113.1 0.862094
113.3 0.862611
113.5 0.863335
113.7 0.86406
113.9 0.864991
114.1 0.865508
114.3 0.866336
114.5 0.866956
114.7 0.867681
114.9 0.868508
115.1 0.869646
115.3 0.87037
115.5 0.871095
115.7 0.871715
115.9 0.872543
116.1 0.873474
116.3 0.873991
116.5 0.874612
116.7 0.87575
116.9 0.875957
117.1 0.876267
117.3 0.876992
117.5 0.877923
117.7 0.87875
117.9 0.879371
118.1 0.880406
118.3 0.880716
118.5 0.881957
118.7 0.882578
118.9 0.883406
119.1 0.884026
119.3 0.884647
119.5 0.884958
119.7 0.885992
119.9 0.886509
120.1 0.886923
120.3 0.887544
120.5 0.888579
120.7 0.889096
120.9 0.88982
121.1 0.890337
121.3 0.890544
121.5 0.891268
121.7 0.891786
121.9 0.89251
122.1 0.892924
122.3 0.893544
122.5 0.894269
122.7 0.894889
122.9 0.895717
123.1 0.896338
123.3 0.897165
123.5 0.897993
123.7 0.898407
123.9 0.898924
124.1 0.900062
124.3 0.900683
124.5 0.901717
124.7 0.902131
124.9 0.903166
125.1 0.903476
125.3 0.904511
125.5 0.905028
125.7 0.905442
125.9 0.905959
126.1 0.90689
126.3 0.907097
126.5 0.907718
126.7 0.908339
126.9 0.908856
127.1 0.90927
127.3 0.909683
127.5 0.910408
127.7 0.911028
127.9 0.911856
128.1 0.91227
128.3 0.912891
128.5 0.913304
128.7 0.914132
128.9 0.91496
129.1 0.91527
129.3 0.915787
129.5 0.916098
129.7 0.916615
129.9 0.917339
130.1 0.91796
130.3 0.918581
130.5 0.919615
130.7 0.920443
130.9 0.920753
131.1 0.921064
131.3 0.921684
131.5 0.921891
131.7 0.922202
131.9 0.922408
132.1 0.923133
132.3 0.924064
132.5 0.924891
132.7 0.925926
132.9 0.92665
133.1 0.927064
133.3 0.927581
133.5 0.927995
133.7 0.928512
133.9 0.928926
134.1 0.929133
134.3 0.929857
134.5 0.930478
134.7 0.930788
134.9 0.931513
135.1 0.932133
135.3 0.932857
135.5 0.933271
135.7 0.933995
135.9 0.934099
136.1 0.934306
136.3 0.934823
136.5 0.935133
136.7 0.935651
136.9 0.936582
137.1 0.936892
137.3 0.937616
137.5 0.938444
137.7 0.939065
137.9 0.939375
138.1 0.939892
138.3 0.940513
138.5 0.941237
138.7 0.941548
138.9 0.941755
139.1 0.941858
139.3 0.942375
139.5 0.942893
139.7 0.9431
139.9 0.94341
140.1 0.943824
140.3 0.944238
140.5 0.944651
140.7 0.945065
140.9 0.945893
141.1 0.946514
141.3 0.946927
141.5 0.947341
141.7 0.947962
141.9 0.948479
142.1 0.948686
142.3 0.948996
142.5 0.949617
142.7 0.950134
142.9 0.950652
143.1 0.951066
143.3 0.951479
143.5 0.952307
143.7 0.952721
143.9 0.953135
144.1 0.953445
144.3 0.953962
144.5 0.954169
144.7 0.954273
144.9 0.95479
145.1 0.9551
145.3 0.955514
145.5 0.956342
145.7 0.956652
145.9 0.957066
146.1 0.957376
146.3 0.95779
146.5 0.958411
146.7 0.958928
146.9 0.959445
147.1 0.960066
147.3 0.960273
147.5 0.960894
147.7 0.961204
147.9 0.961411
148.1 0.961825
148.3 0.962135
148.5 0.962756
148.7 0.963791
148.9 0.964204
149.1 0.964825
149.3 0.965549
149.5 0.965963
149.7 0.966274
149.9 0.966791
150.1 0.967101
150.3 0.967308
150.5 0.967515
150.7 0.967825
150.9 0.968446
151.1 0.968653
151.3 0.969067
151.5 0.969688
151.7 0.969998
151.9 0.970515
152.1 0.971136
152.3 0.971343
152.5 0.971653
152.7 0.971964
152.9 0.972377
153.1 0.972688
153.3 0.973102
153.5 0.973722
153.7 0.97424
153.9 0.974653
154.1 0.97486
154.3 0.974964
154.5 0.975067
154.7 0.975378
154.9 0.975481
155.1 0.976102
155.3 0.976619
155.5 0.977033
155.7 0.97724
155.9 0.977343
156.1 0.977654
156.3 0.977964
156.5 0.978274
156.7 0.978895
156.9 0.979102
157.1 0.979309
157.3 0.979619
157.5 0.979826
157.7 0.980033
157.9 0.980137
158.1 0.98024
158.3 0.98055
158.5 0.980654
158.7 0.980861
158.9 0.981688
159.1 0.982206
159.3 0.982516
159.5 0.982826
159.7 0.98324
159.9 0.983758
160.1 0.984171
160.3 0.984482
160.5 0.984689
160.7 0.984999
160.9 0.985102
161.1 0.985516
161.3 0.986034
161.5 0.986447
161.7 0.986654
161.9 0.986758
162.1 0.987172
162.3 0.987378
162.5 0.987482
162.7 0.987689
162.9 0.987896
163.1 0.988103
163.3 0.98862
163.5 0.98893
163.7 0.989448
163.9 0.989861
164.1 0.990068
164.3 0.990068
164.5 0.990275
164.7 0.990586
164.9 0.990689
165.1 0.990999
165.3 0.991206
165.5 0.991827
165.7 0.992241
165.9 0.992344
166.1 0.992551
166.3 0.992655
166.5 0.992862
166.7 0.993068
166.9 0.993482
167.1 0.993586
167.3 0.993793
167.5 0.993896
167.7 0.994103
167.9 0.994206
168.1 0.99431
168.3 0.994413
168.5 0.994517
168.7 0.99462
168.9 0.994827
169.1 0.995241
169.3 0.995448
169.5 0.995551
169.7 0.995551
169.9 0.995862
170.1 0.996069
170.3 0.996069
170.5 0.996379
170.7 0.996379
170.9 0.996586
171.1 0.996586
171.3 0.996689
171.5 0.996896
171.7 0.997
171.9 0.997207
172.1 0.997207
172.3 0.997207
172.5 0.99731
172.7 0.997414
172.9 0.997621
173.1 0.997621
173.3 0.998034
173.5 0.998138
173.7 0.998138
173.9 0.998345
174.1 0.998448
174.3 0.998552
174.5 0.998759
174.7 0.998862
174.9 0.999069
175.1 0.999069
175.3 0.999483
175.5 0.99969
175.7 0.999793
175.9 0.999793
176.1 0.999897
