1025
-134.7 0.000156515
-134.5 0.000326073
-134.3 0.000508674
-134.1 0.00071736
-133.9 0.000913004
-133.7 0.00106952
-133.5 0.00126516
-133.3 0.00143472
-133.1 0.00172166
-132.9 0.00198252
-132.7 0.00224338
-132.5 0.00246511
-132.3 0.00268684
-132.1 0.00286944
-131.9 0.00318247
-131.7 0.00341724
-131.5 0.00371723
-131.3 0.00417373
-131.1 0.00451285
-130.9 0.00494326
-130.7 0.00537368
-130.5 0.00584322
-130.3 0.0062606
-130.1 0.00658667
-129.9 0.00701709
-129.7 0.00746055
-129.5 0.00791705
-129.3 0.00858224
-129.1 0.00897352
-128.9 0.00956045
-128.7 0.0102778
-128.5 0.0108517
-128.3 0.0116082
-128.1 0.0122995
-127.9 0.0130299
-127.7 0.013982
-127.5 0.014882
-127.3 0.0157819
-127.1 0.0168254
-126.9 0.0177644
-126.7 0.0185731
-126.5 0.0195383
-126.3 0.0207643
-126.1 0.022199
-125.9 0.0235816
-125.7 0.0249511
-125.5 0.0262945
-125.3 0.027651
-125.1 0.0290335
-124.9 0.0305987
-124.7 0.0320203
-124.5 0.0332464
-124.3 0.0345507
-124.1 0.0360245
-123.9 0.0375897
-123.7 0.0390766
-123.5 0.04042
-123.3 0.0417243
-123.1 0.0430155
-122.9 0.0445024
-122.7 0.0458719
-122.5 0.0472153
-122.3 0.0485979
-122.1 0.04985
-121.9 0.0512065
-121.7 0.0527455
-121.5 0.054102
-121.3 0.0553411
-121.1 0.0566714
-120.9 0.0579627
-120.7 0.0593061
-120.5 0.0606495
-120.3 0.0617843
-120.1 0.0627625
-119.9 0.0639233
-119.7 0.065358
-119.5 0.0670666
-119.3 0.0682536
-119.1 0.0693492
-118.9 0.0706795
-118.7 0.0720882
-118.5 0.0731707
-118.3 0.0743055
-118.1 0.0755837
-117.9 0.0769793
-117.7 0.0782705
-117.5 0.0796661
-117.3 0.080866
-117.1 0.0819095
-116.9 0.0831746
-116.7 0.0843615
-116.5 0.0856528
-116.3 0.0868267
-116.1 0.0879875
-115.9 0.0892787
-115.7 0.0904265
-115.5 0.0916525
-115.3 0.0928003
-115.1 0.0939481
-114.9 0.0950046
-114.7 0.0962306
-114.5 0.0973001
-114.3 0.0985131
-114.1 0.0997391
-113.9 0.10103
-113.7 0.102204
-113.5 0.103443
-113.3 0.104448
-113.1 0.105621
-112.9 0.106769
-112.7 0.1081
-112.5 0.109365
-112.3 0.110734
-112.1 0.111973
-111.9 0.113173
-111.7 0.114282
-111.5 0.115495
-111.3 0.116656
-111.1 0.117843
-110.9 0.118964
-110.7 0.119903
-110.5 0.120856
-110.3 0.122056
-110.1 0.123151
-109.9 0.124273
-109.7 0.125382
-109.5 0.126673
-109.3 0.127899
-109.1 0.129047
-108.9 0.130051
-108.7 0.13146
-108.5 0.132725
-108.3 0.134068
-108.1 0.135151
-107.9 0.136507
-107.7 0.137877
-107.5 0.138998
-107.3 0.140055
-107.1 0.141059
-106.9 0.142363
-106.7 0.143655
-106.5 0.145128
-106.3 0.146289
-106.1 0.147528
-105.9 0.148898
-105.7 0.150163
-105.5 0.151559
-105.3 0.152706
-105.1 0.154011
-104.9 0.155498
-104.7 0.156593
-104.5 0.157637
-104.3 0.159084
-104.1 0.16018
-103.9 0.161549
-103.7 0.162828
-103.5 0.164289
-103.3 0.165475
-103.1 0.166714
-102.9 0.167901
-102.7 0.169049
-102.5 0.170562
-102.3 0.171879
-102.1 0.173053
-101.9 0.174332
-101.7 0.175753
-101.5 0.176953
-101.3 0.17814
-101.1 0.179262
-100.9 0.18037
-100.7 0.181453
-100.5 0.182757
-100.3 0.184009
-100.1 0.185001
-99.9 0.186083
-99.7 0.187309
-99.5 0.188457
-99.3 0.189761
-99.1 0.190844
-98.9 0.1922
-98.7 0.193192
-98.5 0.194574
-98.3 0.195839
-98.1 0.197131
-97.9 0.198383
-97.7 0.199726
-97.5 0.200756
-97.3 0.201787
-97.1 0.20283
-96.9 0.204187
-96.7 0.205452
-96.5 0.206717
-96.3 0.208126
-96.1 0.209691
-95.9 0.210852
-95.7 0.212091
-95.5 0.213343
-95.3 0.214465
-95.1 0.215899
-94.9 0.216904
-94.7 0.218012
-94.5 0.219056
-94.3 0.22023
-94.1 0.221443
-93.9 0.22246
-93.7 0.223699
-93.5 0.224899
-93.3 0.226151
-93.1 0.227286
-92.9 0.228473
-92.7 0.229686
-92.5 0.230768
-92.3 0.231916
-92.1 0.233077
-91.9 0.234185
-91.7 0.235372
-91.5 0.236481
-91.3 0.237746
-91.1 0.238907
-90.9 0.240107
-90.7 0.241307
-90.5 0.242389
-90.3 0.243876
-90.1 0.24505
-89.9 0.246302
-89.7 0.247633
-89.5 0.248885
-89.3 0.250033
-89.1 0.251115
-88.9 0.252276
-88.7 0.253489
-88.5 0.254885
-88.3 0.255993
-88.1 0.257141
-87.9 0.258615
-87.7 0.259802
-87.5 0.260963
-87.3 0.262136
-87.1 0.263519
-86.9 0.264954
-86.7 0.266219
-86.5 0.267328
-86.3 0.268632
-86.1 0.26961
-85.9 0.270953
-85.7 0.272088
-85.5 0.273497
-85.3 0.275127
-85.1 0.276327
-84.9 0.27724
-84.7 0.278427
-84.5 0.279523
-84.3 0.280801
-84.1 0.281857
-83.9 0.283096
-83.7 0.284244
-83.5 0.285379
-83.3 0.286644
-83.1 0.287974
-82.9 0.289187
-82.7 0.290648
-82.5 0.291913
-82.3 0.293231
-82.1 0.294261
-81.9 0.295474
-81.7 0.296687
-81.5 0.297978
-81.3 0.299074
-81.1 0.300326
-80.9 0.30137
-80.7 0.303
-80.5 0.304395
-80.3 0.305543
-80.1 0.306613
-79.9 0.307695
-79.7 0.309143
-79.5 0.310487
-79.3 0.31196
-79.1 0.313212
-78.9 0.314517
-78.7 0.315704
-78.5 0.316969
-78.3 0.318325
-78.1 0.31963
-77.9 0.320764
-77.7 0.321964
-77.5 0.323282
-77.3 0.324234
-77.1 0.325342
-76.9 0.326568
-76.7 0.327677
-76.5 0.328968
-76.3 0.330286
-76.1 0.331603
-75.9 0.33292
-75.7 0.334081
-75.5 0.335451
-75.3 0.336585
-75.1 0.337681
-74.9 0.33879
-74.7 0.340081
-74.5 0.341398
-74.3 0.342611
-74.1 0.343981
-73.9 0.344959
-73.7 0.346302
-73.5 0.347633
-73.3 0.34895
-73.1 0.350228
-72.9 0.351559
-72.7 0.352876
-72.5 0.354063
-72.3 0.355119
-72.1 0.356202
-71.9 0.35748
-71.7 0.35885
-71.5 0.359971
-71.3 0.361158
-71.1 0.362358
-70.9 0.363584
-70.7 0.364954
-70.5 0.366258
-70.3 0.367588
-70.1 0.368567
-69.9 0.369949
-69.7 0.371188
-69.5 0.372323
-69.3 0.373406
-69.1 0.374853
-68.9 0.376079
-68.7 0.377331
-68.5 0.378414
-68.3 0.379653
-68.1 0.38084
-67.9 0.382223
-67.7 0.383292
-67.5 0.384505
-67.3 0.385653
-67.1 0.386853
-66.9 0.388157
-66.7 0.389331
-66.5 0.390479
-66.3 0.391822
-66.1 0.392931
-65.9 0.394339
-65.7 0.395422
-65.5 0.396661
-65.3 0.397626
-65.1 0.399061
-64.9 0.400274
-64.7 0.401435
-64.5 0.402609
-64.3 0.403769
-64.1 0.404943
-63.9 0.406039
-63.7 0.407174
-63.5 0.408413
-63.3 0.409939
-63.1 0.411034
-62.9 0.412456
-62.7 0.413708
-62.5 0.415091
-62.3 0.416199
-62.1 0.417399
-61.9 0.418573
-61.7 0.419656
-61.5 0.420816
-61.3 0.422029
-61.1 0.423242
-60.9 0.424312
-60.7 0.42559
-60.5 0.426816
-60.3 0.428107
-60.1 0.429112
-59.9 0.430299
-59.7 0.431499
-59.5 0.432659
-59.3 0.434042
-59.1 0.435307
-58.9 0.436677
-58.7 0.437864
-58.5 0.439155
-58.3 0.440511
-58.1 0.441633
-57.9 0.442742
-57.7 0.444137
-57.5 0.44552
-57.3 0.446615
-57.1 0.447815
-56.9 0.449289
-56.7 0.450659
-56.5 0.451833
-56.3 0.452824
-56.1 0.454141
-55.9 0.455328
-55.7 0.456554
-55.5 0.457937
-55.3 0.45928
-55.1 0.460493
-54.9 0.461758
-54.7 0.46301
-54.5 0.464145
-54.3 0.465306
-54.1 0.46661
-53.9 0.467784
-53.7 0.468958
-53.5 0.470145
-53.3 0.47141
-53.1 0.472714
-52.9 0.474071
-52.7 0.475427
-52.5 0.476679
-52.3 0.477866
-52.1 0.479118
-51.9 0.480514
-51.7 0.481805
-51.5 0.483122
-51.3 0.484322
-51.1 0.485431
-50.9 0.486579
-50.7 0.487844
-50.5 0.488874
-50.3 0.49014
-50.1 0.491183
-49.9 0.492331
-49.7 0.493426
-49.5 0.494548
-49.3 0.495787
-49.1 0.496909
-48.9 0.498122
-48.7 0.499309
-48.5 0.500613
-48.3 0.501761
-48.1 0.502778
-47.9 0.504069
-47.7 0.505243
-47.5 0.506287
-47.3 0.507474
-47.1 0.50866
-46.9 0.509873
-46.7 0.511021
-46.5 0.512195
-46.3 0.513552
-46.1 0.514804
-45.9 0.515965
-45.7 0.517191
-45.5 0.518221
-45.3 0.519304
-45.1 0.520634
-44.9 0.521886
-44.7 0.523021
-44.5 0.524116
-44.3 0.525342
-44.1 0.526477
-43.9 0.527573
-43.7 0.528851
-43.5 0.529894
-43.3 0.530925
-43.1 0.531864
-42.9 0.532999
-42.7 0.534264
-42.5 0.535477
-42.3 0.536677
-42.1 0.537746
-41.9 0.538737
-41.7 0.539977
-41.5 0.541124
-41.3 0.542155
-41.1 0.543498
-40.9 0.54445
-40.7 0.545728
-40.5 0.546902
-40.3 0.54822
-40.1 0.54942
-39.9 0.550463
-39.7 0.551663
-39.5 0.553085
-39.3 0.554245
-39.1 0.555472
-38.9 0.556658
-38.7 0.557584
-38.5 0.558771
-38.3 0.56001
-38.1 0.560989
-37.9 0.562241
-37.7 0.563076
-37.5 0.564445
-37.3 0.56571
-37.1 0.566728
-36.9 0.567888
-36.7 0.569101
-36.5 0.570067
-36.3 0.571162
-36.1 0.572388
-35.9 0.573379
-35.7 0.574384
-35.5 0.575584
-35.3 0.576523
-35.1 0.577592
-34.9 0.578675
-34.7 0.580005
-34.5 0.580983
-34.3 0.582157
-34.1 0.583318
-33.9 0.584375
-33.7 0.585379
-33.5 0.586761
-33.3 0.588027
-33.1 0.589279
-32.9 0.590296
-32.7 0.591431
-32.5 0.592435
-32.3 0.593452
-32.1 0.594613
-31.9 0.595578
-31.7 0.59687
-31.5 0.598109
-31.3 0.599335
-31.1 0.600535
-30.9 0.601656
-30.7 0.602504
-30.5 0.603639
-30.3 0.605022
-30.1 0.606065
-29.9 0.607317
-29.7 0.608452
-29.5 0.609717
-29.3 0.610708
-29.1 0.611739
-28.9 0.612756
-28.7 0.613956
-28.5 0.614817
-28.3 0.615886
-28.1 0.616891
-27.9 0.617986
-27.7 0.619108
-27.5 0.619969
-27.3 0.621025
-27.1 0.622186
-26.9 0.62306
-26.7 0.624169
-26.5 0.625408
-26.3 0.626438
-26.1 0.627586
-25.9 0.628642
-25.7 0.629464
-25.5 0.630494
-25.3 0.631681
-25.1 0.63262
-24.9 0.633559
-24.7 0.634759
-24.5 0.635959
-24.3 0.636885
-24.1 0.637981
-23.9 0.639181
-23.7 0.640329
-23.5 0.641281
-23.3 0.642376
-23.1 0.643263
-22.9 0.644268
-22.7 0.64535
-22.5 0.646211
-22.3 0.647215
-22.1 0.648298
-21.9 0.649394
-21.7 0.650489
-21.5 0.651559
-21.3 0.652511
-21.1 0.65345
-20.9 0.654428
-20.7 0.655458
-20.5 0.656567
-20.3 0.657741
-20.1 0.658771
-19.9 0.65988
-19.7 0.661028
-19.5 0.662228
-19.3 0.663362
-19.1 0.664471
-18.9 0.665632
-18.7 0.666728
-18.5 0.668019
-18.3 0.668958
-18.1 0.670093
-17.9 0.67124
-17.7 0.672349
-17.5 0.673275
-17.3 0.674449
-17.1 0.675623
-16.9 0.676536
-16.7 0.677527
-16.5 0.678792
-16.3 0.679875
-16.1 0.680775
-15.9 0.681753
-15.7 0.683083
-15.5 0.684049
-15.3 0.685053
-15.1 0.686214
-14.9 0.687166
-14.7 0.68817
-14.5 0.689279
-14.3 0.690218
-14.1 0.691196
-13.9 0.692226
-13.7 0.693022
-13.5 0.694052
-13.3 0.694887
-13.1 0.695878
-12.9 0.696987
-12.7 0.698187
-12.5 0.699204
-12.3 0.700065
-12.1 0.701096
-11.9 0.702139
-11.7 0.703104
-11.5 0.704082
-11.3 0.704891
-11.1 0.705726
-10.9 0.706821
-10.7 0.707891
-10.5 0.708869
-10.3 0.709991
-10.1 0.710982
-9.9 0.711973
-9.7 0.712912
-9.5 0.713891
-9.3 0.714973
-9.1 0.716069
-8.9 0.717099
-8.7 0.718012
-8.5 0.71886
-8.3 0.719838
-8.1 0.720686
-7.9 0.721495
-7.7 0.722473
-7.5 0.723647
-7.3 0.724729
-7.1 0.725864
-6.9 0.726881
-6.7 0.728029
-6.5 0.72889
-6.3 0.729738
-6.1 0.730729
-5.9 0.731616
-5.7 0.732672
-5.5 0.733742
-5.3 0.734759
-5.1 0.735594
-4.9 0.736481
-4.7 0.737564
-4.5 0.738477
-4.3 0.739533
-4.1 0.740368
-3.9 0.741268
-3.7 0.742233
-3.5 0.74312
-3.3 0.743994
-3.1 0.744881
-2.9 0.745924
-2.7 0.746941
-2.5 0.747815
-2.3 0.748767
-2.1 0.749589
-1.9 0.750424
-1.7 0.751193
-1.5 0.752133
-1.3 0.753306
-1.1 0.754037
-0.900002 0.75495
-0.700002 0.755863
-0.500002 0.756919
-0.300002 0.757897
-0.100002 0.75885
0.099998 0.75988
0.299998 0.760897
0.499998 0.762097
0.699998 0.762828
0.899998 0.763897
1.1 0.764797
1.3 0.765449
1.5 0.766441
1.7 0.76721
1.9 0.768071
2.1 0.768958
2.3 0.769845
2.5 0.770627
2.7 0.77154
2.9 0.772519
3.1 0.773249
3.3 0.77411
3.5 0.774918
3.7 0.776014
3.9 0.77694
4.1 0.777944
4.3 0.779157
4.5 0.780227
4.7 0.781427
4.9 0.782457
5.1 0.783253
5.3 0.784049
5.5 0.784948
5.7 0.785679
5.9 0.786475
6.1 0.787388
6.3 0.78834
6.5 0.789253
6.7 0.7901
6.9 0.791066
7.1 0.791939
7.3 0.792839
7.5 0.793648
7.7 0.794496
7.9 0.795409
8.1 0.796231
8.3 0.797313
8.5 0.798331
8.7 0.799257
8.9 0.800078
9.1 0.80077
9.3 0.801669
9.5 0.802517
9.7 0.803222
9.9 0.803926
10.1 0.804839
10.3 0.805635
10.5 0.80673
10.7 0.807604
10.9 0.808413
11.1 0.809287
11.3 0.810265
11.5 0.8111
11.7 0.812026
11.9 0.813043
12.1 0.813852
12.3 0.814673
12.5 0.815534
12.7 0.816369
12.9 0.817112
13.1 0.817908
13.3 0.818638
13.5 0.819382
13.7 0.819982
13.9 0.820869
14.1 0.821612
14.3 0.822486
14.5 0.823203
14.7 0.824077
14.9 0.824977
15.1 0.825916
15.3 0.826699
15.5 0.827468
15.7 0.828342
15.9 0.829047
16.1 0.82979
16.3 0.830638
16.5 0.831603
16.7 0.832412
16.9 0.833181
17.1 0.834133
17.3 0.834746
17.5 0.835477
17.7 0.83639
17.9 0.837159
18.1 0.837824
18.3 0.838646
18.5 0.839468
18.7 0.840459
18.9 0.841307
19.1 0.842181
19.3 0.842963
19.5 0.843902
19.7 0.844724
19.9 0.84565
20.1 0.846446
20.3 0.847281
20.5 0.848063
20.7 0.849067
20.9 0.849759
21.1 0.850672
21.3 0.851454
21.5 0.852159
21.7 0.85285
21.9 0.853528
22.1 0.854363
22.3 0.855093
22.5 0.855876
22.7 0.856724
22.9 0.857415
23.1 0.858211
23.3 0.858967
23.5 0.859906
23.7 0.860519
23.9 0.861132
24.1 0.86181
24.3 0.862449
24.5 0.863206
24.7 0.864119
24.9 0.864875
25.1 0.865593
25.3 0.866245
25.5 0.86691
25.7 0.867575
25.9 0.868136
26.1 0.86901
26.3 0.869727
26.5 0.870484
26.7 0.871266
26.9 0.871971
27.1 0.872832
27.3 0.873536
27.5 0.874279
27.7 0.874879
27.9 0.875571
28.1 0.87634
28.3 0.87711
28.5 0.877971
28.7 0.878779
28.9 0.879457
29.1 0.880057
29.3 0.880749
29.5 0.881414
29.7 0.88217
29.9 0.882783
30.1 0.883592
30.3 0.884296
30.5 0.885118
30.7 0.885966
30.9 0.886592
31.1 0.887218
31.3 0.887674
31.5 0.888548
31.7 0.889357
31.9 0.890179
32.1 0.890896
32.3 0.891692
32.5 0.892357
32.7 0.893035
32.9 0.893883
33.1 0.894574
33.3 0.895252
33.5 0.89597
33.7 0.896687
33.9 0.8973
34.1 0.898017
34.3 0.898774
34.5 0.899283
34.7 0.899948
34.9 0.900548
35.1 0.901122
35.3 0.901839
35.5 0.902635
35.7 0.903417
35.9 0.904122
36.1 0.9048
36.3 0.905582
36.5 0.906482
36.7 0.907174
36.9 0.907747
37.1 0.908347
37.3 0.908987
37.5 0.9096
37.7 0.9102
37.9 0.910917
38.1 0.911673
38.3 0.912313
38.5 0.913043
38.7 0.913682
38.9 0.914243
39.1 0.914699
39.3 0.915208
39.5 0.915912
39.7 0.916538
39.9 0.917243
40.1 0.91796
40.3 0.918573
40.5 0.919147
40.7 0.919656
40.9 0.920308
41.1 0.920934
41.3 0.921638
41.5 0.922408
41.7 0.922929
41.9 0.92366
42.1 0.924429
42.3 0.925095
42.5 0.92576
42.7 0.926399
42.9 0.926986
43.1 0.92756
43.3 0.92829
43.5 0.928903
43.7 0.929594
43.9 0.930312
44.1 0.931068
44.3 0.931877
44.5 0.932477
44.7 0.933116
44.9 0.933781
45.1 0.934499
45.3 0.934903
45.5 0.935725
45.7 0.936416
45.9 0.937003
46.1 0.937629
46.3 0.938164
46.5 0.938829
46.7 0.939403
46.9 0.939794
47.1 0.940459
47.3 0.941098
47.5 0.941881
47.7 0.942611
47.9 0.943263
48.1 0.944059
48.3 0.944685
48.5 0.945324
48.7 0.945963
48.9 0.946537
49.1 0.947033
49.3 0.947554
49.5 0.948207
49.7 0.948846
49.9 0.949341
50.1 0.949889
50.3 0.950515
50.5 0.951063
50.7 0.951506
50.9 0.952106
51.1 0.952654
51.3 0.953359
51.5 0.953972
51.7 0.954689
51.9 0.955315
52.1 0.956111
52.3 0.956724
52.5 0.957232
52.7 0.957871
52.9 0.958445
53.1 0.95898
53.3 0.959697
53.5 0.960323
53.7 0.960845
53.9 0.961354
54.1 0.961758
54.3 0.962136
54.5 0.962632
54.7 0.963362
54.9 0.963897
55.1 0.964549
55.3 0.965097
55.5 0.965671
55.7 0.966271
55.9 0.966806
56.1 0.967367
56.3 0.967914
56.5 0.968371
56.7 0.968997
56.9 0.96948
57.1 0.970014
57.3 0.970549
57.5 0.970914
57.7 0.971319
57.9 0.971919
58.1 0.972545
58.3 0.972962
58.5 0.973445
58.7 0.973849
58.9 0.97424
59.1 0.974684
59.3 0.975127
59.5 0.975675
59.7 0.976197
59.9 0.976784
60.1 0.97724
60.3 0.977749
60.5 0.978244
60.7 0.978675
60.9 0.979275
61.1 0.979862
61.3 0.980397
61.5 0.980879
61.7 0.981375
61.9 0.98204
62.1 0.982601
62.3 0.983149
62.5 0.983566
62.7 0.98397
62.9 0.984414
63.1 0.984962
63.3 0.985431
63.5 0.985953
63.7 0.98637
63.9 0.986814
64.1 0.987335
64.3 0.987922
64.5 0.988274
64.7 0.988705
64.9 0.989083
65.1 0.989592
65.3 0.990048
65.5 0.990479
65.7 0.990779
65.9 0.991274
66.1 0.991966
66.3 0.992409
66.5 0.992735
66.7 0.993061
66.9 0.993544
67.1 0.993961
67.3 0.994326
67.5 0.99477
67.7 0.995135
67.9 0.995448
68.1 0.996035
68.3 0.996439
68.5 0.996844
68.7 0.997091
68.9 0.997431
69.1 0.997796
69.3 0.998096
69.5 0.998487
69.7 0.998852
69.9 0.999139
70.1 0.999596
