1050
-134.7 4.43052e-05
-134.5 8.22811e-05
-134.3 0.000170891
-134.1 0.000253173
-133.9 0.000329124
-133.7 0.000411405
-133.5 0.000500016
-133.3 0.000601285
-133.1 0.000696225
-132.9 0.000791164
-132.7 0.000898763
-132.5 0.00100636
-132.3 0.00114561
-132.1 0.00130384
-131.9 0.00139245
-131.7 0.00155068
-131.5 0.00173423
-131.3 0.00192411
-131.1 0.00201272
-130.9 0.0022026
-130.7 0.00236083
-130.5 0.00253173
-130.3 0.00277857
-130.1 0.00294313
-129.9 0.00313301
-129.7 0.0033039
-129.5 0.00345581
-129.3 0.00374695
-129.1 0.00402544
-128.9 0.00435457
-128.7 0.00465205
-128.5 0.00493054
-128.3 0.00526599
-128.1 0.00567107
-127.9 0.00606981
-127.7 0.00646223
-127.5 0.006823
-127.3 0.00725972
-127.1 0.00781037
-126.9 0.00838001
-126.7 0.00896864
-126.5 0.00968385
-126.3 0.0104181
-126.1 0.0111902
-125.9 0.0121903
-125.7 0.0130004
-125.5 0.0141587
-125.3 0.015203
-125.1 0.0163549
-124.9 0.0175512
-124.7 0.0187031
-124.5 0.0200576
-124.3 0.0213804
-124.1 0.0228995
-123.9 0.0243489
-123.7 0.0256401
-123.5 0.0271528
-123.3 0.0285072
-123.1 0.0297921
-122.9 0.0311086
-122.7 0.0323808
-122.5 0.0340264
-122.3 0.035653
-122.1 0.0371974
-121.9 0.0385835
-121.7 0.039843
-121.5 0.0410329
-121.3 0.0422229
-121.1 0.04359
-120.9 0.0449065
-120.7 0.0463749
-120.5 0.047799
-120.3 0.0489762
-120.1 0.0502104
-119.9 0.0514763
-119.7 0.0528877
-119.5 0.0541599
-119.3 0.0554195
-119.1 0.0566537
-118.9 0.0578879
-118.7 0.0590398
-118.5 0.0603437
-118.3 0.0615526
-118.1 0.0627108
-117.9 0.0639261
-117.7 0.0651856
-117.5 0.0664705
-117.3 0.0674578
-117.1 0.0686857
-116.9 0.0698756
-116.7 0.0711731
-116.5 0.07242
-116.3 0.0736226
-116.1 0.0748188
-115.9 0.0760277
-115.7 0.0772873
-115.5 0.0784075
-115.3 0.0795785
-115.1 0.080762
-114.9 0.0819709
-114.7 0.0829963
-114.5 0.0843001
-114.3 0.0854204
-114.1 0.0866736
-113.9 0.0878635
-113.7 0.0889395
-113.5 0.0900915
-113.3 0.0912561
-113.1 0.0922308
-112.9 0.0935283
-112.7 0.0947435
-112.5 0.0958891
-112.3 0.0970221
-112.1 0.0981613
-111.9 0.0993006
-111.7 0.100275
-111.5 0.101408
-111.3 0.102541
-111.1 0.103788
-110.9 0.10487
-110.7 0.105953
-110.5 0.107054
-110.3 0.108225
-110.1 0.109364
-109.9 0.110428
-109.7 0.111573
-109.5 0.112769
-109.3 0.113991
-109.1 0.115225
-108.9 0.116447
-108.7 0.117681
-108.5 0.11882
-108.3 0.120004
-108.1 0.121333
-107.9 0.122599
-107.7 0.123618
-107.5 0.12477
-107.3 0.125922
-107.1 0.127124
-106.9 0.12827
-106.7 0.129574
-106.5 0.130783
-106.3 0.132099
-106.1 0.133238
-105.9 0.134327
-105.7 0.135726
-105.5 0.136903
-105.3 0.138251
-105.1 0.139454
-104.9 0.140663
-104.7 0.141789
-104.5 0.143068
-104.3 0.144169
-104.1 0.145517
-103.9 0.146612
-103.7 0.147758
-103.5 0.148967
-103.3 0.150125
-103.1 0.15146
-102.9 0.152663
-102.7 0.153796
-102.5 0.155018
-102.3 0.156169
-102.1 0.157404
-101.9 0.158581
-101.7 0.159657
-101.5 0.160632
-101.3 0.161999
-101.1 0.163144
-100.9 0.16441
-100.7 0.165372
-100.5 0.166499
-100.3 0.167739
-100.1 0.168923
-99.9 0.170113
-99.7 0.171227
-99.5 0.172366
-99.3 0.173613
-99.1 0.174816
-98.9 0.17593
-98.7 0.177145
-98.5 0.178215
-98.3 0.179347
-98.1 0.180689
-97.9 0.181746
-97.7 0.183044
-97.5 0.184253
-97.3 0.185417
-97.1 0.18674
-96.9 0.18786
-96.7 0.189076
-96.5 0.190228
-96.3 0.191329
-96.1 0.192595
-95.9 0.193677
-95.7 0.194994
-95.5 0.196019
-95.3 0.197183
-95.1 0.198367
-94.9 0.199443
-94.7 0.200608
-94.5 0.201722
-94.3 0.20288
-94.1 0.203994
-93.9 0.205165
-93.7 0.206405
-93.5 0.207576
-93.3 0.208614
-93.1 0.209772
-92.9 0.210874
-92.7 0.212051
-92.5 0.213323
-92.3 0.21438
-92.1 0.215513
-91.9 0.216697
-91.7 0.217893
-91.5 0.219077
-91.3 0.220266
-91.1 0.221368
-90.9 0.222564
-90.7 0.223767
-90.5 0.224963
-90.3 0.226108
-90.1 0.227419
-89.9 0.228564
-89.7 0.229748
-89.5 0.230931
-89.3 0.232102
-89.1 0.233185
-88.9 0.23452
-88.7 0.235742
-88.5 0.236913
-88.3 0.238134
-88.1 0.239153
-87.9 0.240166
-87.7 0.241324
-87.5 0.242495
-87.3 0.243653
-87.1 0.244679
-86.9 0.245805
-86.7 0.246989
-86.5 0.248318
-86.3 0.249615
-86.1 0.250774
-85.9 0.251995
-85.7 0.253299
-85.5 0.254552
-85.3 0.255622
-85.1 0.256869
-84.9 0.258109
-84.7 0.259318
-84.5 0.260445
-84.3 0.261534
-84.1 0.262742
-83.9 0.263932
-83.7 0.265148
-83.5 0.266426
-83.3 0.267521
-83.1 0.2688
-82.9 0.269952
-82.7 0.271078
-82.5 0.272154
-82.3 0.273458
-82.1 0.274863
-81.9 0.276186
-81.7 0.277629
-81.5 0.278819
-81.3 0.27992
-81.1 0.281104
-80.9 0.282357
-80.7 0.283553
-80.5 0.284775
-80.3 0.285996
-80.1 0.287231
-79.9 0.28837
-79.7 0.289661
-79.5 0.290693
-79.3 0.291851
-79.1 0.292902
-78.9 0.294193
-78.7 0.295446
-78.5 0.296687
-78.3 0.297832
-78.1 0.298927
-77.9 0.300212
-77.7 0.301415
-77.5 0.302548
-77.3 0.303788
-77.1 0.305029
-76.9 0.306073
-76.7 0.307295
-76.5 0.308225
-76.3 0.309402
-76.1 0.310579
-75.9 0.311649
-75.7 0.31289
-75.5 0.314206
-75.3 0.31544
-75.1 0.316605
-74.9 0.317808
-74.7 0.319194
-74.5 0.320346
-74.3 0.321675
-74.1 0.322871
-73.9 0.324225
-73.7 0.325523
-73.5 0.326814
-73.3 0.32789
-73.1 0.329086
-72.9 0.330308
-72.7 0.331555
-72.5 0.332751
-72.3 0.334118
-72.1 0.33546
-71.9 0.336688
-71.7 0.338036
-71.5 0.33934
-71.3 0.340555
-71.1 0.341789
-70.9 0.342998
-70.7 0.344321
-70.5 0.345574
-70.3 0.346802
-70.1 0.348068
-69.9 0.349365
-69.7 0.35046
-69.5 0.351726
-69.3 0.352891
-69.1 0.354195
-68.9 0.355543
-68.7 0.356961
-68.5 0.35817
-68.3 0.359454
-68.1 0.360689
-67.9 0.361904
-67.7 0.363233
-67.5 0.364334
-67.3 0.365663
-67.1 0.366809
-66.9 0.368062
-66.7 0.36917
-66.5 0.370372
-66.3 0.371702
-66.1 0.372942
-65.9 0.374195
-65.7 0.375309
-65.5 0.376499
-65.3 0.377588
-65.1 0.378556
-64.9 0.379664
-64.7 0.381025
-64.5 0.382234
-64.3 0.383462
-64.1 0.384708
-63.9 0.385936
-63.7 0.387114
-63.5 0.388253
-63.3 0.389348
-63.1 0.390607
-62.9 0.391955
-62.7 0.393139
-62.5 0.39443
-62.3 0.395506
-62.1 0.396797
-61.9 0.397949
-61.7 0.399234
-61.5 0.40062
-61.3 0.401987
-61.1 0.403222
-60.9 0.404291
-60.7 0.40557
-60.5 0.406817
-60.3 0.407836
-60.1 0.409133
-59.9 0.410431
-59.7 0.411747
-59.5 0.412886
-59.3 0.414165
-59.1 0.415374
-58.9 0.416589
-58.7 0.417728
-58.5 0.418988
-58.3 0.420197
-58.1 0.421482
-57.9 0.422824
-57.7 0.423982
-57.5 0.42521
-57.3 0.426374
-57.1 0.427602
-56.9 0.42876
-56.7 0.430001
-56.5 0.431071
-56.3 0.432242
-56.1 0.433387
-55.9 0.434583
-55.7 0.435875
-55.5 0.436976
-55.3 0.438324
-55.1 0.439609
-54.9 0.440723
-54.7 0.44209
-54.5 0.443248
-54.3 0.444463
-54.1 0.445761
-53.9 0.446951
-53.7 0.448033
-53.5 0.449255
-53.3 0.450356
-53.1 0.451533
-52.9 0.452767
-52.7 0.454065
-52.5 0.455242
-52.3 0.45642
-52.1 0.457692
-51.9 0.458863
-51.7 0.459945
-51.5 0.461204
-51.3 0.462401
-51.1 0.463458
-50.9 0.464641
-50.7 0.465907
-50.5 0.467179
-50.3 0.468471
-50.1 0.46973
-49.9 0.470977
-49.7 0.472135
-49.5 0.473388
-49.3 0.474585
-49.1 0.475952
-48.9 0.477104
-48.7 0.478275
-48.5 0.479389
-48.3 0.480623
-48.1 0.481927
-47.9 0.483287
-47.7 0.484401
-47.5 0.485724
-47.3 0.486889
-47.1 0.488079
-46.9 0.489414
-46.7 0.490617
-46.5 0.49175
-46.3 0.492908
-46.1 0.493978
-45.9 0.495206
-45.7 0.496408
-45.5 0.497763
-45.3 0.498997
-45.1 0.500282
-44.9 0.501541
-44.7 0.502826
-44.5 0.504181
-44.3 0.505326
-44.1 0.506535
-43.9 0.507649
-43.7 0.508921
-43.5 0.510181
-43.3 0.511238
-43.1 0.512409
-42.9 0.513535
-42.7 0.514769
-42.5 0.515833
-42.3 0.516852
-42.1 0.517846
-41.9 0.518959
-41.7 0.520244
-41.5 0.5217
-41.3 0.522846
-41.1 0.5242
-40.9 0.525409
-40.7 0.526599
-40.5 0.527757
-40.3 0.528915
-40.1 0.530004
-39.9 0.531156
-39.7 0.532403
-39.5 0.533542
-39.3 0.534675
-39.1 0.535719
-38.9 0.536871
-38.7 0.538074
-38.5 0.539182
-38.3 0.540492
-38.1 0.541675
-37.9 0.542815
-37.7 0.543979
-37.5 0.545188
-37.3 0.546232
-37.1 0.547308
-36.9 0.548492
-36.7 0.549619
-36.5 0.550682
-36.3 0.551954
-36.1 0.553226
-35.9 0.554309
-35.7 0.555594
-35.5 0.556891
-35.3 0.558163
-35.1 0.559423
-34.9 0.560644
-34.7 0.561834
-34.5 0.563119
-34.3 0.564252
-34.1 0.565524
-33.9 0.566493
-33.7 0.567607
-33.5 0.568638
-33.3 0.569645
-33.1 0.570784
-32.9 0.571929
-32.7 0.572949
-32.5 0.574094
-32.3 0.575278
-32.1 0.576468
-31.9 0.577613
-31.7 0.578942
-31.5 0.580056
-31.3 0.58117
-31.1 0.582227
-30.9 0.583348
-30.7 0.584588
-30.5 0.585582
-30.3 0.58674
-30.1 0.587987
-29.9 0.589069
-29.7 0.590221
-29.5 0.59136
-29.3 0.592588
-29.1 0.593759
-28.9 0.594943
-28.7 0.595949
-28.5 0.597051
-28.3 0.598152
-28.1 0.599285
-27.9 0.600475
-27.7 0.60162
-27.5 0.602715
-27.3 0.603823
-27.1 0.604905
-26.9 0.606007
-26.7 0.607101
-26.5 0.608177
-26.3 0.609234
-26.1 0.610285
-25.9 0.611355
-25.7 0.612431
-25.5 0.613614
-25.3 0.61464
-25.1 0.615665
-24.9 0.616804
-24.7 0.617988
-24.5 0.619096
-24.3 0.620083
-24.1 0.621336
-23.9 0.622494
-23.7 0.623634
-23.5 0.62476
-23.3 0.625786
-23.1 0.626906
-22.9 0.628052
-22.7 0.62926
-22.5 0.63033
-22.3 0.631387
-22.1 0.632501
-21.9 0.633678
-21.7 0.634912
-21.5 0.635938
-21.3 0.637058
-21.1 0.638172
-20.9 0.639368
-20.7 0.640451
-20.5 0.641565
-20.3 0.642666
-20.1 0.643868
-19.9 0.644875
-19.7 0.64602
-19.5 0.646995
-19.3 0.648077
-19.1 0.649248
-18.9 0.650324
-18.7 0.651419
-18.5 0.652483
-18.3 0.653641
-18.1 0.654692
-17.9 0.65578
-17.7 0.656964
-17.5 0.658173
-17.3 0.65909
-17.1 0.660192
-16.9 0.661223
-16.7 0.662432
-16.5 0.663521
-16.3 0.66473
-16.1 0.665939
-15.9 0.667053
-15.7 0.668198
-15.5 0.669407
-15.3 0.670483
-15.1 0.671553
-14.9 0.67254
-14.7 0.673673
-14.5 0.674724
-14.3 0.675863
-14.1 0.676825
-13.9 0.677876
-13.7 0.678965
-13.5 0.680129
-13.3 0.68123
-13.1 0.682319
-12.9 0.683243
-12.7 0.684351
-12.5 0.685547
-12.3 0.686598
-12.1 0.687629
-11.9 0.688724
-11.7 0.689769
-11.5 0.690997
-11.3 0.692092
-11.1 0.693123
-10.9 0.694142
-10.7 0.695016
-10.5 0.696142
-10.3 0.697225
-10.1 0.698446
-9.9 0.699351
-9.7 0.700269
-9.5 0.701421
-9.3 0.702358
-9.1 0.703421
-8.9 0.704592
-8.7 0.705807
-8.5 0.70694
-8.3 0.708168
-8.1 0.709244
-7.9 0.710409
-7.7 0.711478
-7.5 0.712529
-7.3 0.713542
-7.1 0.714548
-6.9 0.715675
-6.7 0.716618
-6.5 0.717573
-6.3 0.718668
-6.1 0.719599
-5.9 0.7207
-5.7 0.721744
-5.5 0.722744
-5.3 0.723858
-5.1 0.72482
-4.9 0.726029
-4.7 0.727067
-4.5 0.727972
-4.3 0.729023
-4.1 0.730169
-3.9 0.73115
-3.7 0.732245
-3.5 0.733264
-3.3 0.734289
-3.1 0.735321
-2.9 0.736276
-2.7 0.737289
-2.5 0.738359
-2.3 0.739365
-2.1 0.740397
-1.9 0.741416
-1.7 0.742346
-1.5 0.743232
-1.3 0.74434
-1.1 0.745245
-0.900002 0.746283
-0.700002 0.747308
-0.500002 0.748258
-0.300002 0.749239
-0.100002 0.750214
0.099998 0.751258
0.299998 0.752245
0.499998 0.753277
0.699998 0.754473
0.899998 0.755524
1.1 0.75653
1.3 0.757568
1.5 0.758689
1.7 0.759587
1.9 0.760575
2.1 0.76153
2.3 0.762461
2.5 0.763474
2.7 0.764512
2.9 0.765448
3.1 0.766429
3.3 0.767379
3.5 0.768398
3.7 0.769341
3.9 0.770246
4.1 0.771278
4.3 0.772259
4.5 0.773208
4.7 0.774107
4.9 0.7751
5.1 0.776056
5.3 0.776999
5.5 0.778151
5.7 0.779069
5.9 0.780025
6.1 0.781018
6.3 0.782075
6.5 0.782987
6.7 0.783981
6.9 0.785019
7.1 0.785993
7.3 0.786848
7.5 0.78774
7.7 0.788727
7.9 0.789639
8.1 0.790531
8.3 0.791563
8.5 0.792531
8.7 0.793563
8.9 0.794557
9.1 0.795513
9.3 0.796329
9.5 0.797183
9.7 0.798032
9.9 0.799051
10.1 0.799886
10.3 0.800804
10.5 0.80181
10.7 0.80257
10.9 0.803418
11.1 0.804462
11.3 0.805431
11.5 0.80631
11.7 0.807298
11.9 0.808177
12.1 0.809032
12.3 0.809969
12.5 0.81081
12.7 0.811741
12.9 0.812779
13.1 0.813627
13.3 0.814595
13.5 0.81557
13.7 0.816595
13.9 0.817387
14.1 0.818279
14.3 0.819228
14.5 0.82007
14.7 0.820956
14.9 0.821785
15.1 0.822678
15.3 0.823583
15.5 0.824425
15.7 0.825317
15.9 0.826146
16.1 0.82707
16.3 0.828014
16.5 0.828836
16.7 0.829691
16.9 0.830526
17.1 0.831444
17.3 0.832336
17.5 0.833109
17.7 0.833868
17.9 0.834754
18.1 0.835704
18.3 0.836564
18.5 0.837394
18.7 0.838216
18.9 0.83902
19.1 0.839837
19.3 0.840533
19.5 0.841349
19.7 0.842248
19.9 0.843058
20.1 0.843913
20.3 0.844786
20.5 0.845565
20.7 0.84635
20.9 0.847153
21.1 0.848008
21.3 0.848913
21.5 0.849786
21.7 0.850552
21.9 0.851432
22.1 0.852362
22.3 0.853192
22.5 0.853926
22.7 0.854787
22.9 0.855533
23.1 0.856217
23.3 0.857052
23.5 0.857863
23.7 0.85859
23.9 0.85935
24.1 0.860198
24.3 0.861059
24.5 0.86178
24.7 0.862603
24.9 0.863369
25.1 0.864211
25.3 0.864951
25.5 0.865787
25.7 0.866743
25.9 0.867464
26.1 0.868167
26.3 0.868933
26.5 0.869825
26.7 0.870566
26.9 0.871331
27.1 0.872085
27.3 0.872749
27.5 0.873433
27.7 0.874199
27.9 0.874958
28.1 0.875642
28.3 0.876477
28.5 0.877243
28.7 0.877977
28.9 0.87873
29.1 0.879389
29.3 0.88018
29.5 0.880965
29.7 0.88192
29.9 0.88256
30.1 0.8833
30.3 0.884072
30.5 0.884762
30.7 0.885452
30.9 0.886155
31.1 0.886876
31.3 0.887566
31.5 0.88825
31.7 0.889034
31.9 0.889781
32.1 0.890389
32.3 0.891224
32.5 0.891914
32.7 0.892598
32.9 0.893243
33.1 0.893895
33.3 0.89463
33.5 0.895414
33.7 0.896218
33.9 0.896984
34.1 0.897566
34.3 0.898301
34.5 0.899161
34.7 0.899826
34.9 0.900649
35.1 0.901275
35.3 0.901915
35.5 0.902737
35.7 0.903332
35.9 0.904212
36.1 0.904946
36.3 0.90563
36.5 0.906288
36.7 0.906889
36.9 0.90756
37.1 0.908415
37.3 0.909105
37.5 0.909719
37.7 0.910383
37.9 0.911193
38.1 0.911814
38.3 0.912434
38.5 0.913054
38.7 0.913687
38.9 0.914288
39.1 0.914877
39.3 0.91558
39.5 0.916187
39.7 0.916852
39.9 0.917491
40.1 0.918206
40.3 0.918921
40.5 0.919586
40.7 0.920187
40.9 0.92082
41.1 0.921441
41.3 0.922048
41.5 0.922713
41.7 0.923447
41.9 0.924124
42.1 0.924782
42.3 0.925327
42.5 0.926074
42.7 0.9267
42.9 0.927245
43.1 0.927934
43.3 0.928599
43.5 0.929226
43.7 0.929865
43.9 0.930529
44.1 0.931175
44.3 0.93177
44.5 0.932542
44.7 0.933131
44.9 0.933795
45.1 0.934485
45.3 0.935068
45.5 0.935593
45.7 0.93622
45.9 0.93684
46.1 0.937454
46.3 0.938093
46.5 0.938713
46.7 0.939346
46.9 0.940011
47.1 0.940599
47.3 0.941169
47.5 0.941701
47.7 0.942327
47.9 0.942948
48.1 0.943549
48.3 0.94415
48.5 0.94477
48.7 0.945384
48.9 0.945929
49.1 0.946435
49.3 0.947055
49.5 0.947517
49.7 0.948106
49.9 0.948606
50.1 0.949087
50.3 0.949707
50.5 0.95029
50.7 0.950802
50.9 0.951353
51.1 0.951929
51.3 0.952372
51.5 0.952929
51.7 0.953574
51.9 0.954125
52.1 0.954619
52.3 0.955169
52.5 0.955733
52.7 0.956321
52.9 0.956859
53.1 0.957423
53.3 0.957929
53.5 0.95853
53.7 0.959018
53.9 0.95953
54.1 0.95998
54.3 0.960632
54.5 0.961189
54.7 0.961701
54.9 0.962239
55.1 0.962834
55.3 0.963296
55.5 0.963784
55.7 0.964328
55.9 0.964847
56.1 0.965372
56.3 0.965809
56.5 0.966296
56.7 0.966746
56.9 0.967201
57.1 0.96767
57.3 0.968214
57.5 0.968733
57.7 0.969151
57.9 0.969613
58.1 0.970107
58.3 0.970575
58.5 0.971031
58.7 0.971575
58.9 0.971986
59.1 0.972448
59.3 0.97298
59.5 0.973474
59.7 0.97393
59.9 0.974328
60.1 0.974765
60.3 0.97517
60.5 0.975569
60.7 0.976012
60.9 0.97643
61.1 0.976784
61.3 0.977297
61.5 0.977689
61.7 0.97812
61.9 0.978582
62.1 0.979037
62.3 0.979411
62.5 0.979892
62.7 0.980328
62.9 0.980765
63.1 0.981082
63.3 0.981512
63.5 0.982063
63.7 0.982468
63.9 0.982835
64.1 0.983202
64.3 0.983626
64.5 0.983987
64.7 0.984392
64.9 0.984753
65.1 0.985177
65.3 0.985487
65.5 0.985803
65.7 0.986158
65.9 0.986582
66.1 0.986905
66.3 0.987234
66.5 0.987614
66.7 0.988031
66.9 0.988379
67.1 0.988702
67.3 0.98905
67.5 0.989411
67.7 0.989683
67.9 0.989981
68.1 0.99036
68.3 0.990664
68.5 0.990955
68.7 0.991228
68.9 0.991538
69.1 0.991835
69.3 0.992057
69.5 0.99238
69.7 0.992715
69.9 0.993
70.1 0.993266
70.3 0.993455
70.5 0.993772
70.7 0.994114
70.9 0.994335
71.1 0.994626
71.3 0.994899
71.5 0.995183
71.7 0.995481
71.9 0.995785
72.1 0.995981
72.3 0.996209
72.5 0.996475
72.7 0.996728
72.9 0.996949
73.1 0.997234
73.3 0.997519
73.5 0.997785
73.7 0.998051
73.9 0.998316
74.1 0.998614
74.3 0.998848
74.5 0.999051
74.7 0.999323
74.9 0.999551
75.1 0.999791
