1050
-129.7 0.000217821
-129.5 0.00049157
-129.3 0.000738826
-129.1 0.00101552
-128.9 0.00132753
-128.7 0.00171019
-128.5 0.00216055
-128.3 0.00260797
-128.1 0.00305833
-127.9 0.00357345
-127.7 0.00411211
-127.5 0.00480973
-127.3 0.00556327
-127.1 0.00638158
-126.9 0.00725286
-126.7 0.00828015
-126.5 0.00945757
-126.3 0.0107292
-126.1 0.0120626
-125.9 0.0133106
-125.7 0.0146617
-125.5 0.0160687
-125.3 0.0175258
-125.1 0.0188651
-124.9 0.0203751
-124.7 0.0218086
-124.5 0.023195
-124.3 0.0246226
-124.1 0.0259384
-123.9 0.027313
-123.7 0.0286729
-123.5 0.0298857
-123.3 0.0312044
-123.1 0.0323906
-122.9 0.0335621
-122.7 0.0347219
-122.5 0.0358669
-122.3 0.0369678
-122.1 0.0380834
-121.9 0.0391136
-121.7 0.0401439
-121.5 0.0412654
-121.3 0.042484
-121.1 0.0435407
-120.9 0.0445739
-120.7 0.0455924
-120.5 0.046708
-120.3 0.04785
-120.1 0.048945
-119.9 0.0498987
-119.7 0.0509555
-119.5 0.0519975
-119.3 0.0530572
-119.1 0.0541109
-118.9 0.0551029
-118.7 0.0561037
-118.5 0.0571634
-118.3 0.0580994
-118.1 0.0591297
-117.9 0.0601481
-117.7 0.0611313
-117.5 0.0621056
-117.3 0.0630652
-117.1 0.0640689
-116.9 0.0650226
-116.7 0.0660293
-116.5 0.0670272
-116.3 0.0680191
-116.1 0.0690641
-115.9 0.0700502
-115.7 0.0710097
-115.5 0.0719723
-115.3 0.0731144
-115.1 0.0742712
-114.9 0.0752749
-114.7 0.0763081
-114.5 0.0773236
-114.3 0.0783951
-114.1 0.0793753
-113.9 0.080429
-113.7 0.0813739
-113.5 0.0824189
-113.3 0.0834344
-113.1 0.0843969
-112.9 0.0853536
-112.7 0.0863573
-112.5 0.0872845
-112.3 0.08825
-112.1 0.0892273
-111.9 0.0902281
-111.7 0.0912877
-111.5 0.0923209
-111.3 0.0933423
-111.1 0.0943019
-110.9 0.0953145
-110.7 0.0963477
-110.5 0.0973455
-110.3 0.0983493
-110.1 0.0993
-109.9 0.100386
-109.7 0.101405
-109.5 0.102329
-109.3 0.103386
-109.1 0.10441
-108.9 0.10547
-108.7 0.106488
-108.5 0.107607
-108.3 0.108722
-108.1 0.109817
-107.9 0.110868
-107.7 0.112007
-107.5 0.113217
-107.3 0.11428
-107.1 0.115398
-106.9 0.116549
-106.7 0.117674
-106.5 0.118704
-106.3 0.119852
-106.1 0.120914
-105.9 0.121959
-105.7 0.123016
-105.5 0.123999
-105.3 0.125097
-105.1 0.12616
-104.9 0.127134
-104.7 0.128247
-104.5 0.12928
-104.3 0.130437
-104.1 0.131382
-103.9 0.132432
-103.7 0.13353
-103.5 0.134596
-103.3 0.135759
-103.1 0.136792
-102.9 0.137769
-102.7 0.138708
-102.5 0.139706
-102.3 0.140665
-102.1 0.141728
-101.9 0.142767
-101.7 0.143883
-101.5 0.144995
-101.3 0.146011
-101.1 0.147047
-100.9 0.148118
-100.7 0.149119
-100.5 0.150226
-100.3 0.151374
-100.1 0.152351
-99.9 0.153423
-99.7 0.154435
-99.5 0.155536
-99.3 0.156646
-99.1 0.157691
-98.9 0.158698
-98.7 0.15974
-98.5 0.160785
-98.3 0.161829
-98.1 0.162904
-97.9 0.16384
-97.7 0.164932
-97.5 0.166045
-97.3 0.167081
-97.1 0.168117
-96.9 0.169265
-96.7 0.170342
-96.5 0.171531
-96.3 0.172544
-96.1 0.173701
-95.9 0.174766
-95.7 0.175852
-95.5 0.176903
-95.3 0.177957
-95.1 0.179043
-94.9 0.180115
-94.7 0.18111
-94.5 0.182078
-94.3 0.183167
-94.1 0.184215
-93.9 0.185198
-93.7 0.186114
-93.5 0.187273
-93.3 0.188407
-93.1 0.18939
-92.9 0.190382
-92.7 0.191388
-92.5 0.192419
-92.3 0.19354
-92.1 0.194591
-91.9 0.195665
-91.7 0.196772
-91.5 0.197794
-91.3 0.198812
-91.1 0.199898
-90.9 0.200931
-90.7 0.202073
-90.5 0.203098
-90.3 0.204113
-90.1 0.205211
-89.9 0.206186
-89.7 0.207257
-89.5 0.208381
-89.3 0.209406
-89.1 0.210533
-88.9 0.211522
-88.7 0.212488
-88.5 0.21353
-88.3 0.214636
-88.1 0.215708
-87.9 0.216756
-87.7 0.217842
-87.5 0.218907
-87.3 0.219905
-87.1 0.22085
-86.9 0.22196
-86.7 0.222934
-86.5 0.223985
-86.3 0.225042
-86.1 0.226078
-85.9 0.227143
-85.7 0.228141
-85.5 0.229278
-85.3 0.230272
-85.1 0.231432
-84.9 0.232465
-84.7 0.233431
-84.5 0.234617
-84.3 0.235603
-84.1 0.236663
-83.9 0.237743
-83.7 0.238856
-83.5 0.239927
-83.3 0.241081
-83.1 0.242164
-82.9 0.243189
-82.7 0.244136
-82.5 0.245273
-82.3 0.246241
-82.1 0.247472
-81.9 0.248599
-81.7 0.249697
-81.5 0.250739
-81.3 0.251781
-81.1 0.252826
-80.9 0.25383
-80.7 0.25496
-80.5 0.256028
-80.3 0.257079
-80.1 0.258209
-79.9 0.25921
-79.7 0.260358
-79.5 0.26138
-79.3 0.262478
-79.1 0.263543
-78.9 0.26465
-78.7 0.265713
-78.5 0.266737
-78.3 0.267779
-78.1 0.268906
-77.9 0.270043
-77.7 0.27112
-77.5 0.272233
-77.3 0.273325
-77.1 0.274378
-76.9 0.275464
-76.7 0.276645
-76.5 0.277737
-76.3 0.27885
-76.1 0.279921
-75.9 0.281022
-75.7 0.282132
-75.5 0.283221
-75.3 0.28438
-75.1 0.28544
-74.9 0.286538
-74.7 0.287645
-74.5 0.288702
-74.3 0.289744
-74.1 0.290906
-73.9 0.292042
-73.7 0.293182
-73.5 0.29435
-73.3 0.295478
-73.1 0.296578
-72.9 0.297626
-72.7 0.298724
-72.5 0.299849
-72.3 0.301026
-72.1 0.302127
-71.9 0.303284
-71.7 0.304349
-71.5 0.305512
-71.3 0.306548
-71.1 0.307623
-70.9 0.308741
-70.7 0.309842
-70.5 0.310996
-70.3 0.312014
-70.1 0.313024
-69.9 0.314119
-69.7 0.315243
-69.5 0.316294
-69.3 0.317304
-69.1 0.318475
-68.9 0.319488
-68.7 0.320562
-68.5 0.321784
-68.3 0.32302
-68.1 0.324009
-67.9 0.325116
-67.7 0.326382
-67.5 0.327506
-67.3 0.328633
-67.1 0.329661
-66.9 0.330776
-66.7 0.331969
-66.5 0.333016
-66.3 0.334029
-66.1 0.335103
-65.9 0.33626
-65.7 0.337411
-65.5 0.338382
-65.3 0.33961
-65.1 0.340658
-64.9 0.341829
-64.7 0.34281
-64.5 0.34384
-64.3 0.344982
-64.1 0.346089
-63.9 0.347028
-63.7 0.348173
-63.5 0.349338
-63.3 0.350413
-63.1 0.351502
-62.9 0.352656
-62.7 0.353718
-62.5 0.354781
-62.3 0.355873
-62.1 0.356968
-61.9 0.358054
-61.7 0.35917
-61.5 0.360173
-61.3 0.361265
-61.1 0.362419
-60.9 0.363606
-60.7 0.364739
-60.5 0.365766
-60.3 0.366835
-60.1 0.367953
-59.9 0.369125
-59.7 0.370264
-59.5 0.371418
-59.3 0.37246
-59.1 0.373525
-58.9 0.374664
-58.7 0.375774
-58.5 0.376854
-58.3 0.377858
-58.1 0.378944
-57.9 0.379978
-57.7 0.381146
-57.5 0.382232
-57.3 0.38328
-57.1 0.384349
-56.9 0.38545
-56.7 0.386547
-56.5 0.387675
-56.3 0.38879
-56.1 0.389871
-55.9 0.390975
-55.7 0.392046
-55.5 0.393059
-55.3 0.394157
-55.1 0.395275
-54.9 0.396432
-54.7 0.397433
-54.5 0.398513
-54.3 0.399646
-54.1 0.400809
-53.9 0.401907
-53.7 0.402937
-53.5 0.404032
-53.3 0.40518
-53.1 0.406193
-52.9 0.407396
-52.7 0.408521
-52.5 0.409539
-52.3 0.410637
-52.1 0.411612
-51.9 0.412577
-51.7 0.413716
-51.5 0.414802
-51.3 0.415797
-51.1 0.416883
-50.9 0.417955
-50.7 0.419109
-50.5 0.42021
-50.3 0.421281
-50.1 0.422326
-49.9 0.423498
-49.7 0.424604
-49.5 0.425661
-49.3 0.426786
-49.1 0.427825
-48.9 0.428937
-48.7 0.430059
-48.5 0.431245
-48.3 0.432296
-48.1 0.433326
-47.9 0.434342
-47.7 0.435292
-47.5 0.436393
-47.3 0.437556
-47.1 0.438674
-46.9 0.439743
-46.7 0.440844
-46.5 0.441833
-46.3 0.442999
-46.1 0.444052
-45.9 0.444985
-45.7 0.446063
-45.5 0.44722
-45.3 0.448317
-45.1 0.449371
-44.9 0.450452
-44.7 0.451547
-44.5 0.452621
-44.3 0.453707
-44.1 0.45482
-43.9 0.455894
-43.7 0.456957
-43.5 0.457934
-43.3 0.459082
-43.1 0.460139
-42.9 0.461113
-42.7 0.462205
-42.5 0.463206
-42.3 0.464289
-42.1 0.465502
-41.9 0.466564
-41.7 0.46758
-41.5 0.468684
-41.3 0.469811
-41.1 0.470847
-40.9 0.471928
-40.7 0.472961
-40.5 0.474082
-40.3 0.475248
-40.1 0.476308
-39.9 0.477338
-39.7 0.478362
-39.5 0.479428
-39.3 0.480596
-39.1 0.481603
-38.9 0.482704
-38.7 0.483799
-38.5 0.484829
-38.3 0.485892
-38.1 0.487046
-37.9 0.488055
-37.7 0.48915
-37.5 0.490219
-37.3 0.491384
-37.1 0.4925
-36.9 0.493565
-36.7 0.49454
-36.5 0.495685
-36.3 0.496874
-36.1 0.497998
-35.9 0.498993
-35.7 0.500068
-35.5 0.501142
-35.3 0.502228
-35.1 0.503182
-34.9 0.504195
-34.7 0.505272
-34.5 0.506281
-34.3 0.507418
-34.1 0.508495
-33.9 0.509519
-33.7 0.510494
-33.5 0.511595
-33.3 0.512604
-33.1 0.513764
-32.9 0.514815
-32.7 0.515866
-32.5 0.516952
-32.3 0.517958
-32.1 0.518977
-31.9 0.520137
-31.7 0.521146
-31.5 0.522271
-31.3 0.523372
-31.1 0.524431
-30.9 0.52545
-30.7 0.526504
-30.5 0.527513
-30.3 0.528579
-30.1 0.5297
-29.9 0.53081
-29.7 0.531799
-29.5 0.532897
-29.3 0.533921
-29.1 0.535022
-28.9 0.536029
-28.7 0.537097
-28.5 0.538119
-28.3 0.539226
-28.1 0.540303
-27.9 0.541248
-27.7 0.542284
-27.5 0.543414
-27.3 0.544483
-27.1 0.545545
-26.9 0.546528
-26.7 0.54757
-26.5 0.548612
-26.3 0.549663
-26.1 0.550735
-25.9 0.551665
-25.7 0.552769
-25.5 0.553767
-25.3 0.55485
-25.1 0.555821
-24.9 0.556866
-24.7 0.557855
-24.5 0.558809
-24.3 0.559827
-24.1 0.56081
-23.9 0.561844
-23.7 0.562856
-23.5 0.563928
-23.3 0.56507
-23.1 0.566121
-22.9 0.567101
-22.7 0.568178
-22.5 0.569182
-22.3 0.5703
-22.1 0.571428
-21.9 0.572396
-21.7 0.573459
-21.5 0.574489
-21.3 0.575513
-21.1 0.576561
-20.9 0.577483
-20.7 0.578563
-20.5 0.579673
-20.3 0.580632
-20.1 0.581707
-19.9 0.582713
-19.7 0.583743
-19.5 0.584797
-19.3 0.585822
-19.1 0.586937
-18.9 0.58795
-18.7 0.58903
-18.5 0.590107
-18.3 0.591167
-18.1 0.592224
-17.9 0.593275
-17.7 0.594325
-17.5 0.595347
-17.3 0.596304
-17.1 0.597337
-16.9 0.598352
-16.7 0.599403
-16.5 0.60041
-16.3 0.601437
-16.1 0.602535
-15.9 0.603592
-15.7 0.604634
-15.5 0.605658
-15.3 0.606656
-15.1 0.60773
-14.9 0.60884
-14.7 0.609811
-14.5 0.61088
-14.3 0.611945
-14.1 0.613002
-13.9 0.614029
-13.7 0.615104
-13.5 0.616225
-13.3 0.617353
-13.1 0.61843
-12.9 0.619446
-12.7 0.620573
-12.5 0.621591
-12.3 0.62266
-12.1 0.623675
-11.9 0.624685
-11.7 0.625727
-11.5 0.626804
-11.3 0.627702
-11.1 0.628765
-10.9 0.629795
-10.7 0.630825
-10.5 0.63197
-10.3 0.63298
-10.1 0.634022
-9.9 0.635049
-9.7 0.6361
-9.5 0.637151
-9.3 0.638219
-9.1 0.639205
-8.9 0.640298
-8.7 0.641301
-8.5 0.64237
-8.3 0.643359
-8.1 0.644383
-7.9 0.645375
-7.7 0.646367
-7.5 0.647327
-7.3 0.648372
-7.1 0.649384
-6.9 0.650435
-6.7 0.651542
-6.5 0.652537
-6.3 0.65357
-6.1 0.654621
-5.9 0.655677
-5.7 0.656622
-5.5 0.657603
-5.3 0.658574
-5.1 0.659572
-4.9 0.660596
-4.7 0.661638
-4.5 0.662654
-4.3 0.663654
-4.1 0.664629
-3.9 0.665738
-3.7 0.666798
-3.5 0.667837
-3.3 0.668864
-3.1 0.669854
-2.9 0.67086
-2.7 0.671893
-2.5 0.672815
-2.3 0.673783
-2.1 0.674784
-1.9 0.675761
-1.7 0.676677
-1.5 0.677657
-1.3 0.678563
-1.1 0.67955
-0.9 0.680539
-0.7 0.681513
-0.5 0.682543
-0.3 0.683485
-0.1 0.684465
0.1 0.68541
0.3 0.686476
0.5 0.687421
0.7 0.688339
0.9 0.68931
1.1 0.690229
1.3 0.691288
1.5 0.692321
1.7 0.693293
1.9 0.694288
2.1 0.695371
2.3 0.696495
2.5 0.697479
2.7 0.698447
2.9 0.699427
3.1 0.700351
3.3 0.701317
3.5 0.702306
3.7 0.703316
3.9 0.704334
4.1 0.705276
4.3 0.706283
4.5 0.707295
4.7 0.708193
4.9 0.709144
5.1 0.71008
5.3 0.711031
5.5 0.711999
5.7 0.713017
5.9 0.713942
6.1 0.714916
6.3 0.715852
6.5 0.716906
6.7 0.717933
6.9 0.718899
7.1 0.719899
7.3 0.720827
7.5 0.721842
7.7 0.722811
7.9 0.72377
8.1 0.724718
8.3 0.725604
8.5 0.726614
8.7 0.727626
8.9 0.728574
9.1 0.729569
9.3 0.730437
9.5 0.731376
9.7 0.732333
9.9 0.733369
10.1 0.73432
10.3 0.735297
10.5 0.736292
10.7 0.737257
10.9 0.738255
11.1 0.739291
11.3 0.740245
11.5 0.741146
11.7 0.742067
11.9 0.742991
12.1 0.743986
12.3 0.744899
12.5 0.745841
12.7 0.746712
12.9 0.747601
13.1 0.748564
13.3 0.749514
13.5 0.750492
13.7 0.751442
13.9 0.752414
14.1 0.753323
14.3 0.754351
14.5 0.755413
14.7 0.756402
14.9 0.757312
15.1 0.758245
15.3 0.759225
15.5 0.760155
15.7 0.761212
15.9 0.762166
16.1 0.763078
16.3 0.764023
16.5 0.764991
16.7 0.765966
16.9 0.766952
17.1 0.767944
17.3 0.7689
17.5 0.769842
17.7 0.770687
17.9 0.771605
18.1 0.77243
18.3 0.773327
18.5 0.774255
18.7 0.775211
18.9 0.776103
19.1 0.777042
19.3 0.777969
19.5 0.778938
19.7 0.779909
19.9 0.780851
20.1 0.78184
20.3 0.782776
20.5 0.783759
20.7 0.784822
20.9 0.785746
21.1 0.786709
21.3 0.787651
21.5 0.788599
21.7 0.789485
21.9 0.790318
22.1 0.791265
22.3 0.792293
22.5 0.79322
22.7 0.794138
22.9 0.795063
23.1 0.795987
23.3 0.796941
23.5 0.797838
23.7 0.798736
23.9 0.799663
24.1 0.80062
24.3 0.801588
24.5 0.802465
24.7 0.803413
24.9 0.804361
25.1 0.805383
25.3 0.806269
25.5 0.807281
25.7 0.808211
25.9 0.809091
26.1 0.810054
26.3 0.811028
26.5 0.811885
26.7 0.812803
26.9 0.813754
27.1 0.814725
27.3 0.815588
27.5 0.816438
27.7 0.817374
27.9 0.818278
28.1 0.819147
28.3 0.820115
28.5 0.821033
28.7 0.82194
28.9 0.822782
29.1 0.823653
29.3 0.824548
29.5 0.825437
29.7 0.826346
29.9 0.827277
30.1 0.828124
30.3 0.829004
30.5 0.829899
30.7 0.830768
30.9 0.831624
31.1 0.83251
31.3 0.833367
31.5 0.834297
31.7 0.835253
31.9 0.836204
32.1 0.837143
32.3 0.838038
32.5 0.838942
32.7 0.839854
32.9 0.840737
33.1 0.841567
33.3 0.842468
33.5 0.843384
33.7 0.844287
33.9 0.845232
34.1 0.84605
34.3 0.846904
34.5 0.847881
34.7 0.848761
34.9 0.849644
35.1 0.850595
35.3 0.851419
35.5 0.852258
35.7 0.853118
35.9 0.853968
36.1 0.854849
36.3 0.855614
36.5 0.856482
36.7 0.857336
36.9 0.858242
37.1 0.859187
37.3 0.860085
37.5 0.860924
37.7 0.861789
37.9 0.862711
38.1 0.863461
38.3 0.864339
38.5 0.865207
38.7 0.866122
38.9 0.866967
39.1 0.867859
39.3 0.868736
39.5 0.869584
39.7 0.87049
39.9 0.871359
40.1 0.872112
40.3 0.872931
40.5 0.873705
40.7 0.874526
40.9 0.875477
41.1 0.876325
41.3 0.87719
41.5 0.877952
41.7 0.878871
41.9 0.879689
42.1 0.88064
42.3 0.881538
42.5 0.882465
42.7 0.883351
42.9 0.884228
43.1 0.885073
43.3 0.885838
43.5 0.886753
43.7 0.887598
43.9 0.888473
44.1 0.889306
44.3 0.890053
44.5 0.890966
44.7 0.89189
44.9 0.892802
45.1 0.893662
45.3 0.894501
45.5 0.895193
45.7 0.896043
45.9 0.896888
46.1 0.897671
46.3 0.898501
46.5 0.899343
46.7 0.900158
46.9 0.900935
47.1 0.901763
47.3 0.902581
47.5 0.90344
47.7 0.904241
47.9 0.905
48.1 0.905742
48.3 0.906508
48.5 0.907338
48.7 0.908091
48.9 0.908836
49.1 0.90961
49.3 0.910434
49.5 0.911241
49.7 0.912047
49.9 0.912842
50.1 0.913534
50.3 0.914323
50.5 0.9151
50.7 0.915892
50.9 0.916624
51.1 0.917443
51.3 0.918235
51.5 0.919082
51.7 0.919889
51.9 0.920725
52.1 0.92154
52.3 0.922294
52.5 0.922994
52.7 0.923692
52.9 0.924463
53.1 0.925196
53.3 0.926008
53.5 0.926777
53.7 0.927513
53.9 0.928296
54.1 0.928976
54.3 0.929711
54.5 0.930424
54.7 0.931163
54.9 0.931837
55.1 0.93267
55.3 0.933388
55.5 0.934156
55.7 0.93488
55.9 0.935746
56.1 0.936493
56.3 0.937317
56.5 0.938045
56.7 0.938742
56.9 0.939552
57.1 0.940246
57.3 0.940991
57.5 0.941677
57.7 0.942333
57.9 0.943155
58.1 0.943943
58.3 0.944635
58.5 0.945327
58.7 0.946039
58.9 0.946719
59.1 0.94744
59.3 0.948053
59.5 0.948677
59.7 0.949412
59.9 0.95014
60.1 0.950708
60.3 0.951376
60.5 0.952129
60.7 0.952862
60.9 0.953613
61.1 0.954272
61.3 0.955005
61.5 0.955662
61.7 0.956306
61.9 0.956951
62.1 0.957643
62.3 0.958328
62.5 0.958955
62.7 0.959626
62.9 0.960304
63.1 0.960939
63.3 0.961572
63.5 0.962211
63.7 0.962814
63.9 0.963488
64.1 0.964257
64.3 0.964869
64.5 0.965543
64.7 0.966108
64.9 0.966741
65.1 0.967395
65.3 0.968086
65.5 0.968696
65.7 0.96927
65.9 0.969879
66.1 0.970497
66.3 0.971218
66.5 0.971792
66.7 0.972428
66.9 0.97299
67.1 0.97352
67.3 0.974056
67.5 0.974603
67.7 0.975174
67.9 0.975775
68.1 0.976305
68.3 0.976934
68.5 0.977511
68.7 0.978074
68.9 0.978592
69.1 0.979139
69.3 0.979657
69.5 0.980164
69.7 0.98067
69.9 0.98112
70.1 0.981659
70.3 0.982162
70.5 0.982648
70.7 0.98311
70.9 0.983584
71.1 0.984093
71.3 0.984535
71.5 0.984929
71.7 0.985409
71.9 0.985886
72.1 0.98631
72.3 0.986757
72.5 0.987172
72.7 0.987625
72.9 0.98807
73.1 0.988441
73.3 0.988853
73.5 0.989241
73.7 0.989692
73.9 0.990086
74.1 0.990495
74.3 0.990846
74.5 0.991222
74.7 0.991564
74.9 0.991911
75.1 0.99225
75.3 0.992609
75.5 0.992941
75.7 0.993374
75.9 0.993674
76.1 0.994028
76.3 0.994378
76.5 0.994681
76.7 0.994993
76.9 0.995314
77.1 0.995658
77.3 0.995947
77.5 0.996215
77.7 0.996515
77.9 0.996756
78.1 0.997027
78.3 0.997327
78.5 0.997613
78.7 0.997857
78.9 0.998119
79.1 0.998381
79.3 0.998684
79.5 0.998929
79.7 0.999199
79.9 0.9995
80.1 0.999738
