1075
-139.7 6.25013e-05
-139.5 0.000111113
-139.3 0.000152781
-139.1 0.000194448
-138.9 0.000250005
-138.7 0.000312507
-138.5 0.000375008
-138.3 0.000388897
-138.1 0.000444454
-137.9 0.000493066
-137.7 0.000562512
-137.5 0.000631958
-137.3 0.000708348
-137.1 0.000812517
-136.9 0.000868074
-136.7 0.000916686
-136.5 0.00102085
-136.3 0.0010903
-136.1 0.00118058
-135.9 0.00126392
-135.7 0.00131947
-135.5 0.00142364
-135.3 0.00147225
-135.1 0.00156253
-134.9 0.00169448
-134.7 0.00181254
-134.5 0.00192365
-134.3 0.00206949
-134.1 0.00215282
-133.9 0.00229866
-133.7 0.00240283
-133.5 0.0025695
-133.3 0.00270839
-133.1 0.0028195
-132.9 0.00300701
-132.7 0.00320146
-132.5 0.00340285
-132.3 0.00363202
-132.1 0.0038473
-131.9 0.00415981
-131.7 0.0043612
-131.5 0.00463899
-131.3 0.00483343
-131.1 0.00520844
-130.9 0.00556956
-130.7 0.00585429
-130.5 0.00618068
-130.3 0.00649319
-130.1 0.00687514
-129.9 0.00729182
-129.7 0.00761127
-129.5 0.00800017
-129.3 0.00831962
-129.1 0.00880574
-128.9 0.00927797
-128.7 0.00978493
-128.5 0.0102849
-128.3 0.0107363
-128.1 0.0112294
-127.9 0.0117016
-127.7 0.0122572
-127.5 0.0128683
-127.3 0.0134725
-127.1 0.0141253
-126.9 0.0148545
-126.7 0.0157225
-126.5 0.0164795
-126.3 0.0172226
-126.1 0.0180212
-125.9 0.018924
-125.7 0.0198476
-125.5 0.0207782
-125.3 0.0219518
-125.1 0.0230838
-124.9 0.0243547
-124.7 0.0255214
-124.5 0.0265631
-124.3 0.0278478
-124.1 0.0290978
-123.9 0.0304937
-123.7 0.0317576
-123.5 0.0330215
-123.3 0.0344938
-123.1 0.0356396
-122.9 0.0369244
-122.7 0.038223
-122.5 0.0395286
-122.3 0.0408203
-122.1 0.0421328
-121.9 0.0433828
-121.7 0.0445357
-121.5 0.0458204
-121.3 0.0471051
-121.1 0.0483205
-120.9 0.0494941
-120.7 0.0509038
-120.5 0.0521469
-120.3 0.0533067
-120.1 0.0544942
-119.9 0.0558276
-119.7 0.057029
-119.5 0.0582512
-119.3 0.0594318
-119.1 0.0604457
-118.9 0.061536
-118.7 0.0627096
-118.5 0.0639111
-118.3 0.065043
-118.1 0.0662583
-117.9 0.0674458
-117.7 0.0685987
-117.5 0.0697028
-117.3 0.0707098
-117.1 0.0719459
-116.9 0.0731612
-116.7 0.0745502
-116.5 0.0757585
-116.3 0.0768766
-116.1 0.078085
-115.9 0.0791753
-115.7 0.0803003
-115.5 0.0814045
-115.3 0.0824045
-115.1 0.0835712
-114.9 0.0847934
-114.7 0.0859879
-114.5 0.0870018
-114.3 0.088106
-114.1 0.0890921
-113.9 0.0901338
-113.7 0.0912866
-113.5 0.0923214
-113.3 0.0934742
-113.1 0.0946339
-112.9 0.0956895
-112.7 0.0967381
-112.5 0.097752
-112.3 0.0988771
-112.1 0.100058
-111.9 0.101148
-111.7 0.102002
-111.5 0.10312
-111.3 0.104113
-111.1 0.105072
-110.9 0.106217
-110.7 0.107336
-110.5 0.108433
-110.3 0.109495
-110.1 0.110766
-109.9 0.111919
-109.7 0.113051
-109.5 0.114141
-109.3 0.115294
-109.1 0.116391
-108.9 0.11744
-108.7 0.118586
-108.5 0.11969
-108.3 0.120968
-108.1 0.122183
-107.9 0.123398
-107.7 0.124614
-107.5 0.125746
-107.3 0.12703
-107.1 0.12826
-106.9 0.129419
-106.7 0.130607
-106.5 0.13185
-106.3 0.133128
-106.1 0.134419
-105.9 0.13544
-105.7 0.13669
-105.5 0.137746
-105.3 0.138933
-105.1 0.140357
-104.9 0.141482
-104.7 0.142809
-104.5 0.143996
-104.3 0.145059
-104.1 0.1461
-103.9 0.147378
-103.7 0.148461
-103.5 0.149795
-103.3 0.150961
-103.1 0.152163
-102.9 0.153343
-102.7 0.154614
-102.5 0.155837
-102.3 0.156948
-102.1 0.158288
-101.9 0.159357
-101.7 0.160635
-101.5 0.161753
-101.3 0.162955
-101.1 0.164163
-100.9 0.16526
-100.7 0.166219
-100.5 0.167267
-100.3 0.168399
-100.1 0.169399
-99.9 0.170497
-99.7 0.171517
-99.5 0.172677
-99.3 0.173719
-99.1 0.174934
-98.9 0.17624
-98.7 0.177462
-98.5 0.178594
-98.3 0.179886
-98.1 0.181038
-97.9 0.182184
-97.7 0.18333
-97.5 0.184525
-97.3 0.185782
-97.1 0.186879
-96.9 0.188039
-96.7 0.189268
-96.5 0.190566
-96.3 0.191775
-96.1 0.193143
-95.9 0.194192
-95.7 0.195462
-95.5 0.196692
-95.3 0.197893
-95.1 0.199129
-94.9 0.20024
-94.7 0.201338
-94.5 0.202504
-94.3 0.203636
-94.1 0.204824
-93.9 0.206199
-93.7 0.207442
-93.5 0.208497
-93.3 0.209629
-93.1 0.210789
-92.9 0.212011
-92.7 0.213129
-92.5 0.214393
-92.3 0.215713
-92.1 0.21688
-91.9 0.218039
-91.7 0.219289
-91.5 0.220428
-91.3 0.221491
-91.1 0.222657
-90.9 0.223713
-90.7 0.22481
-90.5 0.225956
-90.3 0.227178
-90.1 0.228317
-89.9 0.229553
-89.7 0.230706
-89.5 0.232026
-89.3 0.233276
-89.1 0.234276
-88.9 0.235352
-88.7 0.236547
-88.5 0.237824
-88.3 0.238783
-88.1 0.23979
-87.9 0.240956
-87.7 0.242047
-87.5 0.24329
-87.3 0.244526
-87.1 0.245859
-86.9 0.247088
-86.7 0.248325
-86.5 0.24954
-86.3 0.250686
-86.1 0.251964
-85.9 0.253297
-85.7 0.254609
-85.5 0.255894
-85.3 0.257262
-85.1 0.258422
-84.9 0.259603
-84.7 0.261075
-84.5 0.262255
-84.3 0.263429
-84.1 0.264394
-83.9 0.265547
-83.7 0.266749
-83.5 0.267888
-83.3 0.268999
-83.1 0.27027
-82.9 0.271325
-82.7 0.272506
-82.5 0.273728
-82.3 0.274818
-82.1 0.275895
-81.9 0.277089
-81.7 0.278249
-81.5 0.279388
-81.3 0.280596
-81.1 0.281798
-80.9 0.282992
-80.7 0.284145
-80.5 0.285311
-80.3 0.286464
-80.1 0.287631
-79.9 0.288888
-79.7 0.290117
-79.5 0.29127
-79.3 0.292416
-79.1 0.293576
-78.9 0.294874
-78.7 0.29611
-78.5 0.29711
-78.3 0.298312
-78.1 0.299465
-77.9 0.300603
-77.7 0.301972
-77.5 0.303104
-77.3 0.304416
-77.1 0.305611
-76.9 0.30668
-76.7 0.307958
-76.5 0.30918
-76.3 0.310527
-76.1 0.311604
-75.9 0.312902
-75.7 0.313972
-75.5 0.315145
-75.3 0.316312
-75.1 0.317333
-74.9 0.3185
-74.7 0.31968
-74.5 0.320791
-74.3 0.321965
-74.1 0.323201
-73.9 0.324479
-73.7 0.325576
-73.5 0.326639
-73.3 0.327826
-73.1 0.328951
-72.9 0.330201
-72.7 0.331396
-72.5 0.332535
-72.3 0.333736
-72.1 0.335118
-71.9 0.336465
-71.7 0.337535
-71.5 0.338639
-71.3 0.339868
-71.1 0.340958
-70.9 0.342132
-70.7 0.343257
-70.5 0.344466
-70.3 0.345563
-70.1 0.346716
-69.9 0.34782
-69.7 0.348979
-69.5 0.350243
-69.3 0.351486
-69.1 0.352848
-68.9 0.354035
-68.7 0.355077
-68.5 0.356153
-68.3 0.35725
-68.1 0.358382
-67.9 0.359723
-67.7 0.360841
-67.5 0.362167
-67.3 0.363487
-67.1 0.364834
-66.9 0.365973
-66.7 0.367049
-66.5 0.368105
-66.3 0.369299
-66.1 0.370473
-65.9 0.371591
-65.7 0.372633
-65.5 0.373869
-65.3 0.375001
-65.1 0.376126
-64.9 0.377258
-64.7 0.378438
-64.5 0.379563
-64.3 0.380682
-64.1 0.381987
-63.9 0.383216
-63.7 0.384327
-63.5 0.385341
-63.3 0.386557
-63.1 0.387737
-62.9 0.388925
-62.7 0.390078
-62.5 0.391098
-62.3 0.392168
-62.1 0.393348
-61.9 0.394418
-61.7 0.395675
-61.5 0.396967
-61.3 0.398154
-61.1 0.399321
-60.9 0.400599
-60.7 0.401807
-60.5 0.403113
-60.3 0.404321
-60.1 0.40555
-59.9 0.406731
-59.7 0.408002
-59.5 0.409189
-59.3 0.410502
-59.1 0.411634
-58.9 0.412772
-58.7 0.414023
-58.5 0.4153
-58.3 0.416411
-58.1 0.417661
-57.9 0.418766
-57.7 0.419939
-57.5 0.421057
-57.3 0.422439
-57.1 0.423717
-56.9 0.424787
-56.7 0.426071
-56.5 0.427405
-56.3 0.428558
-56.1 0.429787
-55.9 0.430898
-55.7 0.432085
-55.5 0.433259
-55.3 0.434426
-55.1 0.43571
-54.9 0.436794
-54.7 0.43803
-54.5 0.439342
-54.3 0.440593
-54.1 0.441836
-53.9 0.443141
-53.7 0.444391
-53.5 0.445447
-53.3 0.446544
-53.1 0.447836
-52.9 0.448919
-52.7 0.450051
-52.5 0.451259
-52.3 0.452502
-52.1 0.453732
-51.9 0.45485
-51.7 0.456044
-51.5 0.457343
-51.3 0.458704
-51.1 0.459857
-50.9 0.460982
-50.7 0.462114
-50.5 0.463371
-50.3 0.464537
-50.1 0.465781
-49.9 0.467017
-49.7 0.4681
-49.5 0.469378
-49.3 0.470496
-49.1 0.471767
-48.9 0.472982
-48.7 0.474142
-48.5 0.475406
-48.3 0.476559
-48.1 0.477767
-47.9 0.479211
-47.7 0.48051
-47.5 0.481746
-47.3 0.482989
-47.1 0.484135
-46.9 0.485246
-46.7 0.486357
-46.5 0.487468
-46.3 0.4886
-46.1 0.489614
-45.9 0.490892
-45.7 0.49208
-45.5 0.493476
-45.3 0.494608
-45.1 0.495858
-44.9 0.49699
-44.7 0.498073
-44.5 0.499274
-44.3 0.500392
-44.1 0.501781
-43.9 0.502906
-43.7 0.504184
-43.5 0.505351
-43.3 0.506538
-43.1 0.507608
-42.9 0.50883
-42.7 0.509893
-42.5 0.51108
-42.3 0.512261
-42.1 0.51365
-41.9 0.514733
-41.7 0.515872
-41.5 0.517108
-41.3 0.518198
-41.1 0.519337
-40.9 0.520323
-40.7 0.521601
-40.5 0.522803
-40.3 0.524025
-40.1 0.525219
-39.9 0.526358
-39.7 0.527511
-39.5 0.528657
-39.3 0.529837
-39.1 0.531032
-38.9 0.532247
-38.7 0.533386
-38.5 0.53456
-38.3 0.535713
-38.1 0.53681
-37.9 0.537976
-37.7 0.539178
-37.5 0.540289
-37.3 0.541539
-37.1 0.542657
-36.9 0.543692
-36.7 0.544796
-36.5 0.545893
-36.3 0.547143
-36.1 0.54831
-35.9 0.549664
-35.7 0.550914
-35.5 0.552032
-35.3 0.553324
-35.1 0.55463
-34.9 0.555602
-34.7 0.556789
-34.5 0.557928
-34.3 0.559185
-34.1 0.560394
-33.9 0.561623
-33.7 0.56279
-33.5 0.563942
-33.3 0.565178
-33.1 0.566269
-32.9 0.56738
-32.7 0.568595
-32.5 0.569769
-32.3 0.570984
-32.1 0.572074
-31.9 0.573331
-31.7 0.574526
-31.5 0.575699
-31.3 0.57679
-31.1 0.578026
-30.9 0.579179
-30.7 0.580158
-30.5 0.581193
-30.3 0.582325
-30.1 0.583401
-29.9 0.584464
-29.7 0.585755
-29.5 0.586797
-29.3 0.588005
-29.1 0.589151
-28.9 0.590332
-28.7 0.591498
-28.5 0.59254
-28.3 0.593596
-28.1 0.594707
-27.9 0.595832
-27.7 0.596894
-27.5 0.597971
-27.3 0.599033
-27.1 0.600082
-26.9 0.601318
-26.7 0.602644
-26.5 0.603721
-26.3 0.604839
-26.1 0.606054
-25.9 0.607339
-25.7 0.608395
-25.5 0.60952
-25.3 0.610659
-25.1 0.611617
-24.9 0.612652
-24.7 0.613714
-24.5 0.614902
-24.3 0.616068
-24.1 0.617235
-23.9 0.618332
-23.7 0.619464
-23.5 0.620527
-23.3 0.621617
-23.1 0.622714
-22.9 0.623728
-22.7 0.624763
-22.5 0.62593
-22.3 0.627208
-22.1 0.628298
-21.9 0.629353
-21.7 0.630381
-21.5 0.631541
-21.3 0.632583
-21.1 0.633673
-20.9 0.634867
-20.7 0.635895
-20.5 0.63709
-20.3 0.638166
-20.1 0.639222
-19.9 0.640319
-19.7 0.641368
-19.5 0.642437
-19.3 0.643486
-19.1 0.64468
-18.9 0.645659
-18.7 0.646736
-18.5 0.647763
-18.3 0.648902
-18.1 0.649833
-17.9 0.65084
-17.7 0.652152
-17.5 0.653354
-17.3 0.654291
-17.1 0.655555
-16.9 0.656791
-16.7 0.657868
-16.5 0.658937
-16.3 0.659986
-16.1 0.661173
-15.9 0.662285
-15.7 0.663486
-15.5 0.664674
-15.3 0.665694
-15.1 0.666715
-14.9 0.667951
-14.7 0.668938
-14.5 0.670014
-14.3 0.670986
-14.1 0.672028
-13.9 0.673202
-13.7 0.674264
-13.5 0.675431
-13.3 0.676452
-13.1 0.677514
-12.9 0.678521
-12.7 0.679521
-12.5 0.680723
-12.3 0.681785
-12.1 0.68282
-11.9 0.683861
-11.7 0.684924
-11.5 0.686035
-11.3 0.687306
-11.1 0.688334
-10.9 0.689264
-10.7 0.690188
-10.5 0.691146
-10.3 0.692278
-10.1 0.693306
-9.9 0.694389
-9.7 0.695389
-9.5 0.696417
-9.3 0.697452
-9.1 0.698473
-8.9 0.699563
-8.7 0.700758
-8.5 0.701917
-8.3 0.702973
-8.1 0.703994
-7.9 0.70498
-7.7 0.705813
-7.5 0.706973
-7.3 0.707959
-7.1 0.709043
-6.9 0.710063
-6.7 0.711105
-6.5 0.71223
-6.3 0.713202
-6.1 0.71439
-5.9 0.71548
-5.7 0.716487
-5.5 0.71748
-5.3 0.718529
-5.1 0.719418
-4.9 0.720369
-4.7 0.721251
-4.5 0.722362
-4.3 0.723369
-4.1 0.724279
-3.9 0.725258
-3.7 0.72639
-3.5 0.727362
-3.3 0.728411
-3.1 0.729487
-2.9 0.730529
-2.7 0.73164
-2.5 0.732654
-2.3 0.733536
-2.1 0.734626
-1.9 0.735501
-1.7 0.736467
-1.5 0.737376
-1.3 0.738536
-1.1 0.73955
-0.900002 0.740502
-0.700002 0.741418
-0.500002 0.742522
-0.300002 0.743467
-0.100002 0.744363
0.099998 0.745245
0.299998 0.746238
0.499998 0.747273
0.699998 0.748078
0.899998 0.749023
1.1 0.749946
1.3 0.750828
1.5 0.751828
1.7 0.752675
1.9 0.75371
2.1 0.754627
2.3 0.755419
2.5 0.756432
2.7 0.757342
2.9 0.758384
3.1 0.759328
3.3 0.760224
3.5 0.761196
3.7 0.762064
3.9 0.76296
4.1 0.763967
4.3 0.76494
4.5 0.765828
4.7 0.766745
4.9 0.767599
5.1 0.768426
5.3 0.76944
5.5 0.770301
5.7 0.771259
5.9 0.772134
6.1 0.773072
6.3 0.774051
6.5 0.775065
6.7 0.775961
6.9 0.776829
7.1 0.777669
7.3 0.778627
7.5 0.779537
7.7 0.780461
7.9 0.781412
8.1 0.782287
8.3 0.783176
8.5 0.784239
8.7 0.785148
8.9 0.785891
9.1 0.786801
9.3 0.787759
9.5 0.788676
9.7 0.789614
9.9 0.790565
10.1 0.791433
10.3 0.792371
10.5 0.793135
10.7 0.794017
10.9 0.794892
11.1 0.795739
11.3 0.79676
11.5 0.797544
11.7 0.798433
11.9 0.799156
12.1 0.79994
12.3 0.800857
12.5 0.801781
12.7 0.80269
12.9 0.803621
13.1 0.80451
13.3 0.805406
13.5 0.806274
13.7 0.807211
13.9 0.808065
14.1 0.809031
14.3 0.809899
14.5 0.810711
14.7 0.811579
14.9 0.812371
15.1 0.813232
15.3 0.814017
15.5 0.814857
15.7 0.8156
15.9 0.816482
16.1 0.817309
16.3 0.818066
16.5 0.818962
16.7 0.819843
16.9 0.820788
17.1 0.821712
17.3 0.822621
17.5 0.823705
17.7 0.824531
17.9 0.825378
18.1 0.826212
18.3 0.827045
18.5 0.828045
18.7 0.828899
18.9 0.829753
19.1 0.830531
19.3 0.831371
19.5 0.832399
19.7 0.833198
19.9 0.834066
20.1 0.834983
20.3 0.835885
20.5 0.836622
20.7 0.837566
20.9 0.838323
21.1 0.83917
21.3 0.840129
21.5 0.840976
21.7 0.841698
21.9 0.84249
22.1 0.843302
22.3 0.844226
22.5 0.845184
22.7 0.845969
22.9 0.846775
23.1 0.847504
23.3 0.848289
23.5 0.849226
23.7 0.849941
23.9 0.850726
24.1 0.851504
24.3 0.852219
24.5 0.853032
24.7 0.853816
24.9 0.854733
25.1 0.855539
25.3 0.856393
25.5 0.857122
25.7 0.85783
25.9 0.858726
26.1 0.859601
26.3 0.860268
26.5 0.861046
26.7 0.861858
26.9 0.862678
27.1 0.863421
27.3 0.864178
27.5 0.865011
27.7 0.865824
27.9 0.866587
28.1 0.867358
28.3 0.868094
28.5 0.868803
28.7 0.869622
28.9 0.870588
29.1 0.871379
29.3 0.872227
29.5 0.873074
29.7 0.873845
29.9 0.874768
30.1 0.875629
30.3 0.876421
30.5 0.877254
30.7 0.877886
30.9 0.878692
31.1 0.879546
31.3 0.880227
31.5 0.880963
31.7 0.881609
31.9 0.882386
32.1 0.883164
32.3 0.883761
32.5 0.88447
32.7 0.885241
32.9 0.885984
33.1 0.886803
33.3 0.887512
33.5 0.888414
33.7 0.889199
33.9 0.889894
34.1 0.890657
34.3 0.891414
34.5 0.892213
34.7 0.892887
34.9 0.89363
35.1 0.894477
35.3 0.89522
35.5 0.895984
35.7 0.896741
35.9 0.897435
36.1 0.898199
36.3 0.898866
36.5 0.899672
36.7 0.900505
36.9 0.901213
37.1 0.901984
37.3 0.90272
37.5 0.903401
37.7 0.904054
37.9 0.904845
38.1 0.905574
38.3 0.906255
38.5 0.907033
38.7 0.90763
38.9 0.908318
39.1 0.908949
39.3 0.909644
39.5 0.910387
39.7 0.91113
39.9 0.911887
40.1 0.912484
40.3 0.913026
40.5 0.91372
40.7 0.914366
40.9 0.915109
41.1 0.915887
41.3 0.91654
41.5 0.917144
41.7 0.917748
41.9 0.918415
42.1 0.918991
42.3 0.919748
42.5 0.92045
42.7 0.921158
42.9 0.921741
43.1 0.922436
43.3 0.923103
43.5 0.923846
43.7 0.924561
43.9 0.925443
44.1 0.926054
44.3 0.926623
44.5 0.92736
44.7 0.92795
44.9 0.928721
45.1 0.92936
45.3 0.929929
45.5 0.930575
45.7 0.931235
45.9 0.931881
46.1 0.932568
46.3 0.933269
46.5 0.933763
46.7 0.934346
46.9 0.935013
47.1 0.935603
47.3 0.936221
47.5 0.936749
47.7 0.937388
47.9 0.937992
48.1 0.938714
48.3 0.939318
48.5 0.939936
48.7 0.940596
48.9 0.941179
49.1 0.9417
49.3 0.942367
49.5 0.943013
49.7 0.943679
49.9 0.944235
50.1 0.944797
50.3 0.945381
50.5 0.945895
50.7 0.946575
50.9 0.947242
51.1 0.947811
51.3 0.948416
51.5 0.948881
51.7 0.949416
51.9 0.949909
52.1 0.950645
52.3 0.951152
52.5 0.951742
52.7 0.952228
52.9 0.952735
53.1 0.953249
53.3 0.95377
53.5 0.954318
53.7 0.954937
53.9 0.955513
54.1 0.956075
54.3 0.956673
54.5 0.957055
54.7 0.957582
54.9 0.958131
55.1 0.958687
55.3 0.95918
55.5 0.959735
55.7 0.960221
55.9 0.96077
56.1 0.961291
56.3 0.961812
56.5 0.962298
56.7 0.962895
56.9 0.963388
57.1 0.96393
57.3 0.964444
57.5 0.964999
57.7 0.965437
57.9 0.966055
58.1 0.966555
58.3 0.967006
58.5 0.967534
58.7 0.967944
58.9 0.968402
59.1 0.968923
59.3 0.969409
59.5 0.969937
59.7 0.970409
59.9 0.970874
60.1 0.971381
60.3 0.971965
60.5 0.972312
60.7 0.972784
60.9 0.97318
61.1 0.973611
61.3 0.974055
61.5 0.974395
61.7 0.974881
61.9 0.975347
62.1 0.97577
62.3 0.976263
62.5 0.976777
62.7 0.977187
62.9 0.977673
63.1 0.978131
63.3 0.978618
63.5 0.979062
63.7 0.97959
63.9 0.979882
64.1 0.980263
64.3 0.980666
64.5 0.98102
64.7 0.981444
64.9 0.981819
65.1 0.982236
65.3 0.982715
65.5 0.983111
65.7 0.983507
65.9 0.983979
66.1 0.984361
66.3 0.98468
66.5 0.985111
66.7 0.985514
66.9 0.985909
67.1 0.986236
67.3 0.986659
67.5 0.987028
67.7 0.987382
67.9 0.987666
68.1 0.988104
68.3 0.988444
68.5 0.988909
68.7 0.989319
68.9 0.989708
69.1 0.990069
69.3 0.990444
69.5 0.990819
69.7 0.991243
69.9 0.991597
70.1 0.991965
70.3 0.992312
70.5 0.992667
70.7 0.993042
70.9 0.993486
71.1 0.993875
71.3 0.994125
71.5 0.994451
71.7 0.994722
71.9 0.994993
72.1 0.995326
72.3 0.995618
72.5 0.995882
72.7 0.996167
72.9 0.996465
73.1 0.996757
73.3 0.997111
73.5 0.997431
73.7 0.997729
73.9 0.998014
74.1 0.998292
74.3 0.998611
74.5 0.998826
74.7 0.999201
74.9 0.999479
75.1 0.999792
